writeLog,0,524288,1, 524288 , 733 , 1
writeLog,0,524288,1, 524288 , 756 , 1
writeLog,0,524288,1, 524288 , 732 , 1
writeLog,0,524288,1, 524288 , 684 , 1
writeLog,0,524288,1, 524288 , 646 , 1
writeLog,0,524288,2, 1048576 , 656 , 1
writeLog,0,524288,2, 1048576 , 725 , 1
writeLog,0,524288,2, 1048576 , 653 , 1
writeLog,0,524288,2, 1048576 , 738 , 1
writeLog,0,524288,2, 1048576 , 716 , 1
writeLog,0,524288,4, 2097152 , 789 , 1
writeLog,0,524288,4, 2097152 , 771 , 1
writeLog,0,524288,4, 2097152 , 781 , 1
writeLog,0,524288,4, 2097152 , 793 , 1
writeLog,0,524288,4, 2097152 , 661 , 1
writeLog,0,524288,8, 4194304 , 656 , 1
writeLog,0,524288,8, 4194304 , 670 , 1
writeLog,0,524288,8, 4194304 , 737 , 1
writeLog,0,524288,8, 4194304 , 676 , 1
writeLog,0,524288,8, 4194304 , 783 , 1
writeLog,0,524288,16, 8388608 , 748 , 1
writeLog,0,524288,16, 8388608 , 781 , 1
writeLog,0,524288,16, 8388608 , 829 , 1
writeLog,0,524288,16, 8388608 , 838 , 1
writeLog,0,524288,16, 8388608 , 796 , 1
writeLog,0,524288,32, 16777216 , 604 , 1
writeLog,0,524288,32, 16777216 , 643 , 1
writeLog,0,524288,32, 16777216 , 711 , 1
writeLog,0,524288,32, 16777216 , 687 , 1
writeLog,0,524288,32, 16777216 , 761 , 1
writeLog,0,524288,64, 33554432 , 738 , 1
writeLog,0,524288,64, 33554432 , 790 , 1
writeLog,0,524288,64, 33554432 , 813 , 1
writeLog,0,524288,64, 33554432 , 835 , 1
writeLog,0,524288,64, 33554432 , 842 , 1
writeLog,0,524288,128, 67108864 , 704 , 1
writeLog,0,524288,128, 67108864 , 591 , 1
writeLog,0,524288,128, 67108864 , 650 , 1
writeLog,0,524288,128, 67108864 , 746 , 1
writeLog,0,524288,128, 67108864 , 618 , 1
writeLog,0,524288,256, 134217728 , 778 , 1
writeLog,0,524288,256, 134217728 , 726 , 1
writeLog,0,524288,256, 134217728 , 815 , 1
writeLog,0,524288,256, 134217728 , 838 , 1
writeLog,0,524288,256, 134217728 , 830 , 1
writeLog,0,524288,512, 268435456 , 832 , 1
writeLog,0,524288,512, 268435456 , 604 , 1
writeLog,0,524288,512, 268435456 , 628 , 1
writeLog,0,524288,512, 268435456 , 655 , 1
writeLog,0,524288,512, 268435456 , 680 , 1
