writeLog,0,524288,1, 524288 , 101 , 2
writeLog,0,524288,1, 524288 , 101 , 2
writeLog,0,524288,1, 524288 , 100 , 2
writeLog,0,524288,1, 524288 , 101 , 2
writeLog,0,524288,2, 1048576 , 162 , 2
writeLog,0,524288,2, 1048576 , 160 , 2
writeLog,0,524288,2, 1048576 , 162 , 2
writeLog,0,524288,2, 1048576 , 160 , 2
writeLog,0,524288,4, 2097152 , 227 , 2
writeLog,0,524288,4, 2097152 , 229 , 2
writeLog,0,524288,4, 2097152 , 228 , 2
writeLog,0,524288,4, 2097152 , 229 , 2
writeLog,0,524288,8, 4194304 , 281 , 2
writeLog,0,524288,8, 4194304 , 283 , 2
writeLog,0,524288,8, 4194304 , 283 , 2
writeLog,0,524288,8, 4194304 , 283 , 2
writeLog,0,524288,16, 8388608 , 310 , 2
writeLog,0,524288,16, 8388608 , 310 , 2
writeLog,0,524288,16, 8388608 , 310 , 2
writeLog,0,524288,16, 8388608 , 306 , 2
writeLog,0,524288,32, 16777216 , 317 , 2
writeLog,0,524288,32, 16777216 , 318 , 2
writeLog,0,524288,32, 16777216 , 318 , 2
writeLog,0,524288,32, 16777216 , 318 , 2
writeLog,0,524288,64, 33554432 , 335 , 2
writeLog,0,524288,64, 33554432 , 326 , 2
writeLog,0,524288,64, 33554432 , 335 , 2
writeLog,0,524288,64, 33554432 , 335 , 2
writeLog,0,524288,128, 67108864 , 335 , 2
writeLog,0,524288,128, 67108864 , 335 , 2
writeLog,0,524288,128, 67108864 , 335 , 2
writeLog,0,524288,128, 67108864 , 335 , 2
