writeLog,0,524288,1, 524288 , 134 , 3
writeLog,0,524288,1, 524288 , 133 , 3
writeLog,0,524288,1, 524288 , 132 , 3
writeLog,0,524288,1, 524288 , 133 , 3
writeLog,0,524288,2, 1048576 , 202 , 3
writeLog,0,524288,2, 1048576 , 202 , 3
writeLog,0,524288,2, 1048576 , 202 , 3
writeLog,0,524288,2, 1048576 , 202 , 3
writeLog,0,524288,4, 2097152 , 224 , 3
writeLog,0,524288,4, 2097152 , 226 , 3
writeLog,0,524288,4, 2097152 , 220 , 3
writeLog,0,524288,4, 2097152 , 224 , 3
writeLog,0,524288,8, 4194304 , 320 , 3
writeLog,0,524288,8, 4194304 , 327 , 3
writeLog,0,524288,8, 4194304 , 320 , 3
writeLog,0,524288,8, 4194304 , 317 , 3
writeLog,0,524288,16, 8388608 , 323 , 3
writeLog,0,524288,16, 8388608 , 327 , 3
writeLog,0,524288,16, 8388608 , 327 , 3
writeLog,0,524288,16, 8388608 , 333 , 3
writeLog,0,524288,32, 16777216 , 339 , 3
writeLog,0,524288,32, 16777216 , 329 , 3
writeLog,0,524288,32, 16777216 , 327 , 3
writeLog,0,524288,32, 16777216 , 339 , 3
writeLog,0,524288,64, 33554432 , 360 , 3
writeLog,0,524288,64, 33554432 , 347 , 3
writeLog,0,524288,64, 33554432 , 352 , 3
writeLog,0,524288,64, 33554432 , 369 , 3
writeLog,0,524288,128, 67108864 , 352 , 3
writeLog,0,524288,128, 67108864 , 369 , 3
writeLog,0,524288,128, 67108864 , 352 , 3
writeLog,0,524288,128, 67108864 , 357 , 3
