writeLog,2,524288,1, 524288 , 521 , 2
writeLog,2,524288,1, 524288 , 521 , 2
writeLog,2,524288,1, 524288 , 523 , 2
writeLog,2,524288,1, 524288 , 522 , 2
writeLog,2,524288,1, 524288 , 521 , 2
writeLog,2,524288,1, 524288 , 524 , 2
writeLog,2,524288,1, 524288 , 523 , 2
writeLog,2,524288,1, 524288 , 524 , 2
writeLog,2,524288,1, 524288 , 523 , 2
writeLog,2,524288,1, 524288 , 522 , 2
writeLog,2,524288,2, 1048576 , 536 , 2
writeLog,2,524288,2, 1048576 , 538 , 2
writeLog,2,524288,2, 1048576 , 536 , 2
writeLog,2,524288,2, 1048576 , 537 , 2
writeLog,2,524288,2, 1048576 , 537 , 2
writeLog,2,524288,2, 1048576 , 540 , 2
writeLog,2,524288,2, 1048576 , 537 , 2
writeLog,2,524288,2, 1048576 , 537 , 2
writeLog,2,524288,2, 1048576 , 537 , 2
writeLog,2,524288,2, 1048576 , 542 , 2
writeLog,2,524288,4, 2097152 , 547 , 2
writeLog,2,524288,4, 2097152 , 547 , 2
writeLog,2,524288,4, 2097152 , 548 , 2
writeLog,2,524288,4, 2097152 , 545 , 2
writeLog,2,524288,4, 2097152 , 547 , 2
writeLog,2,524288,4, 2097152 , 546 , 2
writeLog,2,524288,4, 2097152 , 547 , 2
writeLog,2,524288,4, 2097152 , 545 , 2
writeLog,2,524288,4, 2097152 , 546 , 2
writeLog,2,524288,4, 2097152 , 546 , 2
writeLog,2,524288,8, 4194304 , 550 , 2
writeLog,2,524288,8, 4194304 , 549 , 2
writeLog,2,524288,8, 4194304 , 550 , 2
writeLog,2,524288,8, 4194304 , 551 , 2
writeLog,2,524288,8, 4194304 , 552 , 2
writeLog,2,524288,8, 4194304 , 551 , 2
writeLog,2,524288,8, 4194304 , 549 , 2
writeLog,2,524288,8, 4194304 , 550 , 2
writeLog,2,524288,8, 4194304 , 550 , 2
writeLog,2,524288,8, 4194304 , 550 , 2
writeLog,2,524288,16, 8388608 , 552 , 2
writeLog,2,524288,16, 8388608 , 552 , 2
writeLog,2,524288,16, 8388608 , 551 , 2
writeLog,2,524288,16, 8388608 , 552 , 2
writeLog,2,524288,16, 8388608 , 552 , 2
writeLog,2,524288,16, 8388608 , 552 , 2
writeLog,2,524288,16, 8388608 , 553 , 2
writeLog,2,524288,16, 8388608 , 552 , 2
writeLog,2,524288,16, 8388608 , 553 , 2
writeLog,2,524288,16, 8388608 , 554 , 2
writeLog,2,524288,32, 16777216 , 555 , 2
writeLog,2,524288,32, 16777216 , 554 , 2
writeLog,2,524288,32, 16777216 , 553 , 2
writeLog,2,524288,32, 16777216 , 554 , 2
writeLog,2,524288,32, 16777216 , 554 , 2
writeLog,2,524288,32, 16777216 , 553 , 2
writeLog,2,524288,32, 16777216 , 553 , 2
writeLog,2,524288,32, 16777216 , 553 , 2
writeLog,2,524288,32, 16777216 , 554 , 2
writeLog,2,524288,32, 16777216 , 555 , 2
writeLog,2,524288,64, 33554432 , 557 , 2
writeLog,2,524288,64, 33554432 , 556 , 2
writeLog,2,524288,64, 33554432 , 555 , 2
writeLog,2,524288,64, 33554432 , 554 , 2
writeLog,2,524288,64, 33554432 , 555 , 2
writeLog,2,524288,64, 33554432 , 554 , 2
writeLog,2,524288,64, 33554432 , 551 , 2
writeLog,2,524288,64, 33554432 , 554 , 2
writeLog,2,524288,64, 33554432 , 553 , 2
writeLog,2,524288,64, 33554432 , 554 , 2
writeLog,2,524288,128, 67108864 , 554 , 2
writeLog,2,524288,128, 67108864 , 555 , 2
writeLog,2,524288,128, 67108864 , 556 , 2
writeLog,2,524288,128, 67108864 , 556 , 2
writeLog,2,524288,128, 67108864 , 555 , 2
writeLog,2,524288,128, 67108864 , 555 , 2
writeLog,2,524288,128, 67108864 , 554 , 2
writeLog,2,524288,128, 67108864 , 558 , 2
writeLog,2,524288,128, 67108864 , 554 , 2
writeLog,2,524288,128, 67108864 , 555 , 2
