writeLog,0,524288,1, 524288 , 896 , 2
writeLog,0,524288,1, 524288 , 912 , 2
writeLog,0,524288,1, 524288 , 871 , 2
writeLog,0,524288,1, 524288 , 976 , 2
writeLog,0,524288,1, 524288 , 969 , 2
writeLog,0,524288,1, 524288 , 933 , 2
writeLog,0,524288,1, 524288 , 892 , 2
writeLog,0,524288,1, 524288 , 913 , 2
writeLog,0,524288,1, 524288 , 878 , 2
writeLog,0,524288,1, 524288 , 882 , 2
writeLog,0,524288,2, 1048576 , 871 , 2
writeLog,0,524288,2, 1048576 , 960 , 2
writeLog,0,524288,2, 1048576 , 951 , 2
writeLog,0,524288,2, 1048576 , 933 , 2
writeLog,0,524288,2, 1048576 , 908 , 2
writeLog,0,524288,2, 1048576 , 929 , 2
writeLog,0,524288,2, 1048576 , 885 , 2
writeLog,0,524288,2, 1048576 , 907 , 2
writeLog,0,524288,2, 1048576 , 881 , 2
writeLog,0,524288,2, 1048576 , 960 , 2
writeLog,0,524288,4, 2097152 , 964 , 2
writeLog,0,524288,4, 2097152 , 969 , 2
writeLog,0,524288,4, 2097152 , 913 , 2
writeLog,0,524288,4, 2097152 , 968 , 2
writeLog,0,524288,4, 2097152 , 891 , 2
writeLog,0,524288,4, 2097152 , 921 , 2
writeLog,0,524288,4, 2097152 , 927 , 2
writeLog,0,524288,4, 2097152 , 983 , 2
writeLog,0,524288,4, 2097152 , 951 , 2
writeLog,0,524288,4, 2097152 , 982 , 2
writeLog,0,524288,8, 4194304 , 921 , 2
writeLog,0,524288,8, 4194304 , 947 , 2
writeLog,0,524288,8, 4194304 , 936 , 2
writeLog,0,524288,8, 4194304 , 908 , 2
writeLog,0,524288,8, 4194304 , 976 , 2
writeLog,0,524288,8, 4194304 , 997 , 2
writeLog,0,524288,8, 4194304 , 968 , 2
writeLog,0,524288,8, 4194304 , 953 , 2
writeLog,0,524288,8, 4194304 , 964 , 2
writeLog,0,524288,8, 4194304 , 934 , 2
writeLog,0,524288,16, 8388608 , 948 , 2
writeLog,0,524288,16, 8388608 , 928 , 2
writeLog,0,524288,16, 8388608 , 1006 , 2
writeLog,0,524288,16, 8388608 , 980 , 2
writeLog,0,524288,16, 8388608 , 999 , 2
writeLog,0,524288,16, 8388608 , 933 , 2
writeLog,0,524288,16, 8388608 , 979 , 2
writeLog,0,524288,16, 8388608 , 931 , 2
writeLog,0,524288,16, 8388608 , 922 , 2
writeLog,0,524288,16, 8388608 , 985 , 2
writeLog,0,524288,32, 16777216 , 1011 , 2
writeLog,0,524288,32, 16777216 , 980 , 2
writeLog,0,524288,32, 16777216 , 971 , 2
writeLog,0,524288,32, 16777216 , 971 , 2
writeLog,0,524288,32, 16777216 , 944 , 2
writeLog,0,524288,32, 16777216 , 960 , 2
writeLog,0,524288,32, 16777216 , 933 , 2
writeLog,0,524288,32, 16777216 , 1012 , 2
writeLog,0,524288,32, 16777216 , 985 , 2
writeLog,0,524288,32, 16777216 , 1005 , 2
writeLog,0,524288,64, 33554432 , 942 , 2
writeLog,0,524288,64, 33554432 , 987 , 2
writeLog,0,524288,64, 33554432 , 947 , 2
writeLog,0,524288,64, 33554432 , 931 , 2
writeLog,0,524288,64, 33554432 , 992 , 2
writeLog,0,524288,64, 33554432 , 1010 , 2
writeLog,0,524288,64, 33554432 , 987 , 2
writeLog,0,524288,64, 33554432 , 969 , 2
writeLog,0,524288,64, 33554432 , 985 , 2
writeLog,0,524288,64, 33554432 , 943 , 2
writeLog,0,524288,128, 67108864 , 960 , 2
writeLog,0,524288,128, 67108864 , 956 , 2
writeLog,0,524288,128, 67108864 , 1014 , 2
writeLog,0,524288,128, 67108864 , 991 , 2
writeLog,0,524288,128, 67108864 , 1004 , 2
writeLog,0,524288,128, 67108864 , 957 , 2
writeLog,0,524288,128, 67108864 , 960 , 2
writeLog,0,524288,128, 67108864 , 981 , 2
writeLog,0,524288,128, 67108864 , 934 , 2
writeLog,0,524288,128, 67108864 , 1012 , 2
