mmapLog,2,524288,1, 524288 , 368 , 1
mmapLog,2,524288,1, 524288 , 370 , 1
mmapLog,2,524288,1, 524288 , 374 , 1
mmapLog,2,524288,1, 524288 , 371 , 1
mmapLog,2,524288,1, 524288 , 373 , 1
mmapLog,2,524288,1, 524288 , 370 , 1
mmapLog,2,524288,1, 524288 , 369 , 1
mmapLog,2,524288,1, 524288 , 372 , 1
mmapLog,2,524288,1, 524288 , 370 , 1
mmapLog,2,524288,1, 524288 , 374 , 1
mmapLog,2,524288,2, 1048576 , 361 , 1
mmapLog,2,524288,2, 1048576 , 369 , 1
mmapLog,2,524288,2, 1048576 , 364 , 1
mmapLog,2,524288,2, 1048576 , 367 , 1
mmapLog,2,524288,2, 1048576 , 368 , 1
mmapLog,2,524288,2, 1048576 , 365 , 1
mmapLog,2,524288,2, 1048576 , 363 , 1
mmapLog,2,524288,2, 1048576 , 362 , 1
mmapLog,2,524288,2, 1048576 , 363 , 1
mmapLog,2,524288,2, 1048576 , 361 , 1
mmapLog,2,524288,4, 2097152 , 362 , 1
mmapLog,2,524288,4, 2097152 , 365 , 1
mmapLog,2,524288,4, 2097152 , 360 , 1
mmapLog,2,524288,4, 2097152 , 359 , 1
mmapLog,2,524288,4, 2097152 , 359 , 1
mmapLog,2,524288,4, 2097152 , 362 , 1
mmapLog,2,524288,4, 2097152 , 361 , 1
mmapLog,2,524288,4, 2097152 , 361 , 1
mmapLog,2,524288,4, 2097152 , 361 , 1
mmapLog,2,524288,4, 2097152 , 358 , 1
mmapLog,2,524288,8, 4194304 , 358 , 1
mmapLog,2,524288,8, 4194304 , 359 , 1
mmapLog,2,524288,8, 4194304 , 360 , 1
mmapLog,2,524288,8, 4194304 , 359 , 1
mmapLog,2,524288,8, 4194304 , 360 , 1
mmapLog,2,524288,8, 4194304 , 360 , 1
mmapLog,2,524288,8, 4194304 , 357 , 1
mmapLog,2,524288,8, 4194304 , 356 , 1
mmapLog,2,524288,8, 4194304 , 361 , 1
mmapLog,2,524288,8, 4194304 , 360 , 1
mmapLog,2,524288,16, 8388608 , 354 , 1
mmapLog,2,524288,16, 8388608 , 362 , 1
mmapLog,2,524288,16, 8388608 , 362 , 1
mmapLog,2,524288,16, 8388608 , 362 , 1
mmapLog,2,524288,16, 8388608 , 357 , 1
mmapLog,2,524288,16, 8388608 , 356 , 1
mmapLog,2,524288,16, 8388608 , 354 , 1
mmapLog,2,524288,16, 8388608 , 360 , 1
mmapLog,2,524288,16, 8388608 , 357 , 1
mmapLog,2,524288,16, 8388608 , 359 , 1
mmapLog,2,524288,32, 16777216 , 355 , 1
mmapLog,2,524288,32, 16777216 , 349 , 1
mmapLog,2,524288,32, 16777216 , 352 , 1
mmapLog,2,524288,32, 16777216 , 353 , 1
mmapLog,2,524288,32, 16777216 , 353 , 1
mmapLog,2,524288,32, 16777216 , 352 , 1
mmapLog,2,524288,32, 16777216 , 354 , 1
mmapLog,2,524288,32, 16777216 , 351 , 1
mmapLog,2,524288,32, 16777216 , 350 , 1
mmapLog,2,524288,32, 16777216 , 352 , 1
mmapLog,2,524288,64, 33554432 , 335 , 1
mmapLog,2,524288,64, 33554432 , 332 , 1
mmapLog,2,524288,64, 33554432 , 336 , 1
mmapLog,2,524288,64, 33554432 , 335 , 1
mmapLog,2,524288,64, 33554432 , 334 , 1
mmapLog,2,524288,64, 33554432 , 335 , 1
mmapLog,2,524288,64, 33554432 , 338 , 1
mmapLog,2,524288,64, 33554432 , 335 , 1
mmapLog,2,524288,64, 33554432 , 336 , 1
mmapLog,2,524288,64, 33554432 , 333 , 1
mmapLog,2,524288,128, 67108864 , 296 , 1
mmapLog,2,524288,128, 67108864 , 299 , 1
mmapLog,2,524288,128, 67108864 , 296 , 1
mmapLog,2,524288,128, 67108864 , 297 , 1
mmapLog,2,524288,128, 67108864 , 297 , 1
mmapLog,2,524288,128, 67108864 , 296 , 1
mmapLog,2,524288,128, 67108864 , 296 , 1
mmapLog,2,524288,128, 67108864 , 296 , 1
mmapLog,2,524288,128, 67108864 , 297 , 1
mmapLog,2,524288,128, 67108864 , 297 , 1
