writeLog,0,524288,1, 524288 , 750 , 1
writeLog,0,524288,1, 524288 , 764 , 1
writeLog,0,524288,1, 524288 , 744 , 1
writeLog,0,524288,1, 524288 , 782 , 1
writeLog,0,524288,1, 524288 , 805 , 1
writeLog,0,524288,1, 524288 , 787 , 1
writeLog,0,524288,1, 524288 , 791 , 1
writeLog,0,524288,1, 524288 , 775 , 1
writeLog,0,524288,1, 524288 , 775 , 1
writeLog,0,524288,1, 524288 , 753 , 1
writeLog,0,524288,2, 1048576 , 744 , 1
writeLog,0,524288,2, 1048576 , 751 , 1
writeLog,0,524288,2, 1048576 , 747 , 1
writeLog,0,524288,2, 1048576 , 825 , 1
writeLog,0,524288,2, 1048576 , 816 , 1
writeLog,0,524288,2, 1048576 , 775 , 1
writeLog,0,524288,2, 1048576 , 803 , 1
writeLog,0,524288,2, 1048576 , 751 , 1
writeLog,0,524288,2, 1048576 , 810 , 1
writeLog,0,524288,2, 1048576 , 737 , 1
writeLog,0,524288,4, 2097152 , 780 , 1
writeLog,0,524288,4, 2097152 , 757 , 1
writeLog,0,524288,4, 2097152 , 825 , 1
writeLog,0,524288,4, 2097152 , 827 , 1
writeLog,0,524288,4, 2097152 , 796 , 1
writeLog,0,524288,4, 2097152 , 820 , 1
writeLog,0,524288,4, 2097152 , 765 , 1
writeLog,0,524288,4, 2097152 , 818 , 1
writeLog,0,524288,4, 2097152 , 767 , 1
writeLog,0,524288,4, 2097152 , 778 , 1
writeLog,0,524288,8, 4194304 , 773 , 1
writeLog,0,524288,8, 4194304 , 831 , 1
writeLog,0,524288,8, 4194304 , 849 , 1
writeLog,0,524288,8, 4194304 , 818 , 1
writeLog,0,524288,8, 4194304 , 845 , 1
writeLog,0,524288,8, 4194304 , 783 , 1
writeLog,0,524288,8, 4194304 , 841 , 1
writeLog,0,524288,8, 4194304 , 788 , 1
writeLog,0,524288,8, 4194304 , 802 , 1
writeLog,0,524288,8, 4194304 , 774 , 1
writeLog,0,524288,16, 8388608 , 863 , 1
writeLog,0,524288,16, 8388608 , 869 , 1
writeLog,0,524288,16, 8388608 , 823 , 1
writeLog,0,524288,16, 8388608 , 846 , 1
writeLog,0,524288,16, 8388608 , 800 , 1
writeLog,0,524288,16, 8388608 , 838 , 1
writeLog,0,524288,16, 8388608 , 784 , 1
writeLog,0,524288,16, 8388608 , 805 , 1
writeLog,0,524288,16, 8388608 , 791 , 1
writeLog,0,524288,16, 8388608 , 869 , 1
writeLog,0,524288,32, 16777216 , 863 , 1
writeLog,0,524288,32, 16777216 , 841 , 1
writeLog,0,524288,32, 16777216 , 838 , 1
writeLog,0,524288,32, 16777216 , 829 , 1
writeLog,0,524288,32, 16777216 , 808 , 1
writeLog,0,524288,32, 16777216 , 824 , 1
writeLog,0,524288,32, 16777216 , 802 , 1
writeLog,0,524288,32, 16777216 , 832 , 1
writeLog,0,524288,32, 16777216 , 876 , 1
writeLog,0,524288,32, 16777216 , 840 , 1
writeLog,0,524288,64, 33554432 , 866 , 1
writeLog,0,524288,64, 33554432 , 814 , 1
writeLog,0,524288,64, 33554432 , 845 , 1
writeLog,0,524288,64, 33554432 , 815 , 1
writeLog,0,524288,64, 33554432 , 816 , 1
writeLog,0,524288,64, 33554432 , 799 , 1
writeLog,0,524288,64, 33554432 , 864 , 1
writeLog,0,524288,64, 33554432 , 881 , 1
writeLog,0,524288,64, 33554432 , 840 , 1
writeLog,0,524288,64, 33554432 , 863 , 1
writeLog,0,524288,128, 67108864 , 805 , 1
writeLog,0,524288,128, 67108864 , 856 , 1
writeLog,0,524288,128, 67108864 , 798 , 1
writeLog,0,524288,128, 67108864 , 827 , 1
writeLog,0,524288,128, 67108864 , 818 , 1
writeLog,0,524288,128, 67108864 , 880 , 1
writeLog,0,524288,128, 67108864 , 862 , 1
writeLog,0,524288,128, 67108864 , 857 , 1
writeLog,0,524288,128, 67108864 , 837 , 1
writeLog,0,524288,128, 67108864 , 855 , 1
