writeLog,2,524288,1, 524288 , 551 , 3
writeLog,2,524288,1, 524288 , 561 , 3
writeLog,2,524288,1, 524288 , 551 , 3
writeLog,2,524288,1, 524288 , 549 , 3
writeLog,2,524288,1, 524288 , 549 , 3
writeLog,2,524288,1, 524288 , 550 , 3
writeLog,2,524288,1, 524288 , 552 , 3
writeLog,2,524288,1, 524288 , 549 , 3
writeLog,2,524288,1, 524288 , 551 , 3
writeLog,2,524288,1, 524288 , 552 , 3
writeLog,2,524288,2, 1048576 , 566 , 3
writeLog,2,524288,2, 1048576 , 564 , 3
writeLog,2,524288,2, 1048576 , 566 , 3
writeLog,2,524288,2, 1048576 , 565 , 3
writeLog,2,524288,2, 1048576 , 565 , 3
writeLog,2,524288,2, 1048576 , 566 , 3
writeLog,2,524288,2, 1048576 , 568 , 3
writeLog,2,524288,2, 1048576 , 567 , 3
writeLog,2,524288,2, 1048576 , 566 , 3
writeLog,2,524288,2, 1048576 , 567 , 3
writeLog,2,524288,4, 2097152 , 576 , 3
writeLog,2,524288,4, 2097152 , 576 , 3
writeLog,2,524288,4, 2097152 , 577 , 3
writeLog,2,524288,4, 2097152 , 575 , 3
writeLog,2,524288,4, 2097152 , 575 , 3
writeLog,2,524288,4, 2097152 , 578 , 3
writeLog,2,524288,4, 2097152 , 575 , 3
writeLog,2,524288,4, 2097152 , 577 , 3
writeLog,2,524288,4, 2097152 , 576 , 3
writeLog,2,524288,4, 2097152 , 577 , 3
writeLog,2,524288,8, 4194304 , 580 , 3
writeLog,2,524288,8, 4194304 , 579 , 3
writeLog,2,524288,8, 4194304 , 580 , 3
writeLog,2,524288,8, 4194304 , 581 , 3
writeLog,2,524288,8, 4194304 , 579 , 3
writeLog,2,524288,8, 4194304 , 580 , 3
writeLog,2,524288,8, 4194304 , 581 , 3
writeLog,2,524288,8, 4194304 , 580 , 3
writeLog,2,524288,8, 4194304 , 579 , 3
writeLog,2,524288,8, 4194304 , 581 , 3
writeLog,2,524288,16, 8388608 , 583 , 3
writeLog,2,524288,16, 8388608 , 583 , 3
writeLog,2,524288,16, 8388608 , 581 , 3
writeLog,2,524288,16, 8388608 , 583 , 3
writeLog,2,524288,16, 8388608 , 582 , 3
writeLog,2,524288,16, 8388608 , 582 , 3
writeLog,2,524288,16, 8388608 , 581 , 3
writeLog,2,524288,16, 8388608 , 583 , 3
writeLog,2,524288,16, 8388608 , 583 , 3
writeLog,2,524288,16, 8388608 , 583 , 3
writeLog,2,524288,32, 16777216 , 584 , 3
writeLog,2,524288,32, 16777216 , 582 , 3
writeLog,2,524288,32, 16777216 , 583 , 3
writeLog,2,524288,32, 16777216 , 584 , 3
writeLog,2,524288,32, 16777216 , 582 , 3
writeLog,2,524288,32, 16777216 , 583 , 3
writeLog,2,524288,32, 16777216 , 583 , 3
writeLog,2,524288,32, 16777216 , 583 , 3
writeLog,2,524288,32, 16777216 , 584 , 3
writeLog,2,524288,32, 16777216 , 584 , 3
writeLog,2,524288,64, 33554432 , 584 , 3
writeLog,2,524288,64, 33554432 , 583 , 3
writeLog,2,524288,64, 33554432 , 583 , 3
writeLog,2,524288,64, 33554432 , 583 , 3
writeLog,2,524288,64, 33554432 , 585 , 3
writeLog,2,524288,64, 33554432 , 584 , 3
writeLog,2,524288,64, 33554432 , 584 , 3
writeLog,2,524288,64, 33554432 , 583 , 3
writeLog,2,524288,64, 33554432 , 583 , 3
writeLog,2,524288,64, 33554432 , 585 , 3
writeLog,2,524288,128, 67108864 , 585 , 3
writeLog,2,524288,128, 67108864 , 584 , 3
writeLog,2,524288,128, 67108864 , 583 , 3
writeLog,2,524288,128, 67108864 , 585 , 3
writeLog,2,524288,128, 67108864 , 585 , 3
writeLog,2,524288,128, 67108864 , 585 , 3
writeLog,2,524288,128, 67108864 , 584 , 3
writeLog,2,524288,128, 67108864 , 585 , 3
writeLog,2,524288,128, 67108864 , 584 , 3
writeLog,2,524288,128, 67108864 , 584 , 3
