writeLog,2,524288,1, 524288 , 360 , 1
writeLog,2,524288,1, 524288 , 367 , 1
writeLog,2,524288,1, 524288 , 361 , 1
writeLog,2,524288,1, 524288 , 365 , 1
writeLog,2,524288,1, 524288 , 359 , 1
writeLog,2,524288,1, 524288 , 367 , 1
writeLog,2,524288,1, 524288 , 367 , 1
writeLog,2,524288,1, 524288 , 368 , 1
writeLog,2,524288,1, 524288 , 360 , 1
writeLog,2,524288,1, 524288 , 367 , 1
writeLog,2,524288,2, 1048576 , 384 , 1
writeLog,2,524288,2, 1048576 , 384 , 1
writeLog,2,524288,2, 1048576 , 386 , 1
writeLog,2,524288,2, 1048576 , 385 , 1
writeLog,2,524288,2, 1048576 , 384 , 1
writeLog,2,524288,2, 1048576 , 384 , 1
writeLog,2,524288,2, 1048576 , 385 , 1
writeLog,2,524288,2, 1048576 , 386 , 1
writeLog,2,524288,2, 1048576 , 386 , 1
writeLog,2,524288,2, 1048576 , 384 , 1
writeLog,2,524288,4, 2097152 , 394 , 1
writeLog,2,524288,4, 2097152 , 395 , 1
writeLog,2,524288,4, 2097152 , 395 , 1
writeLog,2,524288,4, 2097152 , 395 , 1
writeLog,2,524288,4, 2097152 , 396 , 1
writeLog,2,524288,4, 2097152 , 396 , 1
writeLog,2,524288,4, 2097152 , 395 , 1
writeLog,2,524288,4, 2097152 , 395 , 1
writeLog,2,524288,4, 2097152 , 396 , 1
writeLog,2,524288,4, 2097152 , 395 , 1
writeLog,2,524288,8, 4194304 , 401 , 1
writeLog,2,524288,8, 4194304 , 401 , 1
writeLog,2,524288,8, 4194304 , 401 , 1
writeLog,2,524288,8, 4194304 , 401 , 1
writeLog,2,524288,8, 4194304 , 402 , 1
writeLog,2,524288,8, 4194304 , 402 , 1
writeLog,2,524288,8, 4194304 , 402 , 1
writeLog,2,524288,8, 4194304 , 401 , 1
writeLog,2,524288,8, 4194304 , 401 , 1
writeLog,2,524288,8, 4194304 , 403 , 1
writeLog,2,524288,16, 8388608 , 404 , 1
writeLog,2,524288,16, 8388608 , 405 , 1
writeLog,2,524288,16, 8388608 , 403 , 1
writeLog,2,524288,16, 8388608 , 406 , 1
writeLog,2,524288,16, 8388608 , 405 , 1
writeLog,2,524288,16, 8388608 , 404 , 1
writeLog,2,524288,16, 8388608 , 404 , 1
writeLog,2,524288,16, 8388608 , 403 , 1
writeLog,2,524288,16, 8388608 , 405 , 1
writeLog,2,524288,16, 8388608 , 404 , 1
writeLog,2,524288,32, 16777216 , 405 , 1
writeLog,2,524288,32, 16777216 , 405 , 1
writeLog,2,524288,32, 16777216 , 408 , 1
writeLog,2,524288,32, 16777216 , 409 , 1
writeLog,2,524288,32, 16777216 , 405 , 1
writeLog,2,524288,32, 16777216 , 406 , 1
writeLog,2,524288,32, 16777216 , 406 , 1
writeLog,2,524288,32, 16777216 , 406 , 1
writeLog,2,524288,32, 16777216 , 406 , 1
writeLog,2,524288,32, 16777216 , 406 , 1
writeLog,2,524288,64, 33554432 , 407 , 1
writeLog,2,524288,64, 33554432 , 407 , 1
writeLog,2,524288,64, 33554432 , 409 , 1
writeLog,2,524288,64, 33554432 , 406 , 1
writeLog,2,524288,64, 33554432 , 407 , 1
writeLog,2,524288,64, 33554432 , 406 , 1
writeLog,2,524288,64, 33554432 , 407 , 1
writeLog,2,524288,64, 33554432 , 407 , 1
writeLog,2,524288,64, 33554432 , 405 , 1
writeLog,2,524288,64, 33554432 , 406 , 1
writeLog,2,524288,128, 67108864 , 408 , 1
writeLog,2,524288,128, 67108864 , 409 , 1
writeLog,2,524288,128, 67108864 , 408 , 1
writeLog,2,524288,128, 67108864 , 407 , 1
writeLog,2,524288,128, 67108864 , 407 , 1
writeLog,2,524288,128, 67108864 , 408 , 1
writeLog,2,524288,128, 67108864 , 407 , 1
writeLog,2,524288,128, 67108864 , 407 , 1
writeLog,2,524288,128, 67108864 , 407 , 1
writeLog,2,524288,128, 67108864 , 407 , 1
