mmapLog,0,524288,1, 524288 , 816 , 3
mmapLog,0,524288,1, 524288 , 841 , 3
mmapLog,0,524288,1, 524288 , 839 , 3
mmapLog,0,524288,1, 524288 , 831 , 3
mmapLog,0,524288,1, 524288 , 826 , 3
mmapLog,0,524288,1, 524288 , 828 , 3
mmapLog,0,524288,1, 524288 , 838 , 3
mmapLog,0,524288,1, 524288 , 825 , 3
mmapLog,0,524288,1, 524288 , 816 , 3
mmapLog,0,524288,1, 524288 , 833 , 3
mmapLog,0,524288,2, 1048576 , 780 , 3
mmapLog,0,524288,2, 1048576 , 782 , 3
mmapLog,0,524288,2, 1048576 , 786 , 3
mmapLog,0,524288,2, 1048576 , 771 , 3
mmapLog,0,524288,2, 1048576 , 776 , 3
mmapLog,0,524288,2, 1048576 , 777 , 3
mmapLog,0,524288,2, 1048576 , 772 , 3
mmapLog,0,524288,2, 1048576 , 766 , 3
mmapLog,0,524288,2, 1048576 , 778 , 3
mmapLog,0,524288,2, 1048576 , 778 , 3
mmapLog,0,524288,4, 2097152 , 752 , 3
mmapLog,0,524288,4, 2097152 , 754 , 3
mmapLog,0,524288,4, 2097152 , 751 , 3
mmapLog,0,524288,4, 2097152 , 747 , 3
mmapLog,0,524288,4, 2097152 , 750 , 3
mmapLog,0,524288,4, 2097152 , 752 , 3
mmapLog,0,524288,4, 2097152 , 751 , 3
mmapLog,0,524288,4, 2097152 , 749 , 3
mmapLog,0,524288,4, 2097152 , 751 , 3
mmapLog,0,524288,4, 2097152 , 750 , 3
mmapLog,0,524288,8, 4194304 , 732 , 3
mmapLog,0,524288,8, 4194304 , 739 , 3
mmapLog,0,524288,8, 4194304 , 733 , 3
mmapLog,0,524288,8, 4194304 , 736 , 3
mmapLog,0,524288,8, 4194304 , 744 , 3
mmapLog,0,524288,8, 4194304 , 734 , 3
mmapLog,0,524288,8, 4194304 , 748 , 3
mmapLog,0,524288,8, 4194304 , 738 , 3
mmapLog,0,524288,8, 4194304 , 739 , 3
mmapLog,0,524288,8, 4194304 , 736 , 3
mmapLog,0,524288,16, 8388608 , 668 , 3
mmapLog,0,524288,16, 8388608 , 669 , 3
mmapLog,0,524288,16, 8388608 , 669 , 3
mmapLog,0,524288,16, 8388608 , 667 , 3
mmapLog,0,524288,16, 8388608 , 662 , 3
mmapLog,0,524288,16, 8388608 , 667 , 3
mmapLog,0,524288,16, 8388608 , 665 , 3
mmapLog,0,524288,16, 8388608 , 670 , 3
mmapLog,0,524288,16, 8388608 , 670 , 3
mmapLog,0,524288,16, 8388608 , 673 , 3
mmapLog,0,524288,32, 16777216 , 538 , 3
mmapLog,0,524288,32, 16777216 , 557 , 3
mmapLog,0,524288,32, 16777216 , 537 , 3
mmapLog,0,524288,32, 16777216 , 527 , 3
mmapLog,0,524288,32, 16777216 , 537 , 3
mmapLog,0,524288,32, 16777216 , 550 , 3
mmapLog,0,524288,32, 16777216 , 537 , 3
mmapLog,0,524288,32, 16777216 , 538 , 3
mmapLog,0,524288,32, 16777216 , 538 , 3
mmapLog,0,524288,32, 16777216 , 538 , 3
mmapLog,0,524288,64, 33554432 , 451 , 3
mmapLog,0,524288,64, 33554432 , 449 , 3
mmapLog,0,524288,64, 33554432 , 435 , 3
mmapLog,0,524288,64, 33554432 , 450 , 3
mmapLog,0,524288,64, 33554432 , 448 , 3
mmapLog,0,524288,64, 33554432 , 447 , 3
mmapLog,0,524288,64, 33554432 , 447 , 3
mmapLog,0,524288,64, 33554432 , 444 , 3
mmapLog,0,524288,64, 33554432 , 449 , 3
mmapLog,0,524288,64, 33554432 , 448 , 3
mmapLog,0,524288,128, 67108864 , 413 , 3
mmapLog,0,524288,128, 67108864 , 414 , 3
mmapLog,0,524288,128, 67108864 , 413 , 3
mmapLog,0,524288,128, 67108864 , 413 , 3
mmapLog,0,524288,128, 67108864 , 397 , 3
mmapLog,0,524288,128, 67108864 , 414 , 3
mmapLog,0,524288,128, 67108864 , 417 , 3
mmapLog,0,524288,128, 67108864 , 417 , 3
mmapLog,0,524288,128, 67108864 , 417 , 3
mmapLog,0,524288,128, 67108864 , 415 , 3
