mmapLog,2,524288,1, 524288 , 500 , 3
mmapLog,2,524288,1, 524288 , 499 , 3
mmapLog,2,524288,1, 524288 , 498 , 3
mmapLog,2,524288,1, 524288 , 498 , 3
mmapLog,2,524288,1, 524288 , 501 , 3
mmapLog,2,524288,1, 524288 , 500 , 3
mmapLog,2,524288,1, 524288 , 500 , 3
mmapLog,2,524288,1, 524288 , 502 , 3
mmapLog,2,524288,1, 524288 , 501 , 3
mmapLog,2,524288,1, 524288 , 500 , 3
mmapLog,2,524288,2, 1048576 , 482 , 3
mmapLog,2,524288,2, 1048576 , 482 , 3
mmapLog,2,524288,2, 1048576 , 482 , 3
mmapLog,2,524288,2, 1048576 , 482 , 3
mmapLog,2,524288,2, 1048576 , 481 , 3
mmapLog,2,524288,2, 1048576 , 483 , 3
mmapLog,2,524288,2, 1048576 , 481 , 3
mmapLog,2,524288,2, 1048576 , 479 , 3
mmapLog,2,524288,2, 1048576 , 479 , 3
mmapLog,2,524288,2, 1048576 , 483 , 3
mmapLog,2,524288,4, 2097152 , 464 , 3
mmapLog,2,524288,4, 2097152 , 465 , 3
mmapLog,2,524288,4, 2097152 , 467 , 3
mmapLog,2,524288,4, 2097152 , 467 , 3
mmapLog,2,524288,4, 2097152 , 465 , 3
mmapLog,2,524288,4, 2097152 , 467 , 3
mmapLog,2,524288,4, 2097152 , 466 , 3
mmapLog,2,524288,4, 2097152 , 463 , 3
mmapLog,2,524288,4, 2097152 , 467 , 3
mmapLog,2,524288,4, 2097152 , 464 , 3
mmapLog,2,524288,8, 4194304 , 468 , 3
mmapLog,2,524288,8, 4194304 , 465 , 3
mmapLog,2,524288,8, 4194304 , 460 , 3
mmapLog,2,524288,8, 4194304 , 469 , 3
mmapLog,2,524288,8, 4194304 , 465 , 3
mmapLog,2,524288,8, 4194304 , 468 , 3
mmapLog,2,524288,8, 4194304 , 468 , 3
mmapLog,2,524288,8, 4194304 , 463 , 3
mmapLog,2,524288,8, 4194304 , 469 , 3
mmapLog,2,524288,8, 4194304 , 466 , 3
mmapLog,2,524288,16, 8388608 , 420 , 3
mmapLog,2,524288,16, 8388608 , 421 , 3
mmapLog,2,524288,16, 8388608 , 414 , 3
mmapLog,2,524288,16, 8388608 , 411 , 3
mmapLog,2,524288,16, 8388608 , 405 , 3
mmapLog,2,524288,16, 8388608 , 419 , 3
mmapLog,2,524288,16, 8388608 , 420 , 3
mmapLog,2,524288,16, 8388608 , 410 , 3
mmapLog,2,524288,16, 8388608 , 421 , 3
mmapLog,2,524288,16, 8388608 , 387 , 3
mmapLog,2,524288,32, 16777216 , 263 , 3
mmapLog,2,524288,32, 16777216 , 265 , 3
mmapLog,2,524288,32, 16777216 , 275 , 3
mmapLog,2,524288,32, 16777216 , 256 , 3
mmapLog,2,524288,32, 16777216 , 251 , 3
mmapLog,2,524288,32, 16777216 , 265 , 3
mmapLog,2,524288,32, 16777216 , 264 , 3
mmapLog,2,524288,32, 16777216 , 267 , 3
mmapLog,2,524288,32, 16777216 , 274 , 3
mmapLog,2,524288,32, 16777216 , 274 , 3
mmapLog,2,524288,64, 33554432 , 193 , 3
mmapLog,2,524288,64, 33554432 , 207 , 3
mmapLog,2,524288,64, 33554432 , 196 , 3
mmapLog,2,524288,64, 33554432 , 203 , 3
mmapLog,2,524288,64, 33554432 , 197 , 3
mmapLog,2,524288,64, 33554432 , 196 , 3
mmapLog,2,524288,64, 33554432 , 194 , 3
mmapLog,2,524288,64, 33554432 , 197 , 3
mmapLog,2,524288,64, 33554432 , 192 , 3
mmapLog,2,524288,64, 33554432 , 194 , 3
mmapLog,2,524288,128, 67108864 , 173 , 3
mmapLog,2,524288,128, 67108864 , 173 , 3
mmapLog,2,524288,128, 67108864 , 173 , 3
mmapLog,2,524288,128, 67108864 , 175 , 3
mmapLog,2,524288,128, 67108864 , 173 , 3
mmapLog,2,524288,128, 67108864 , 173 , 3
mmapLog,2,524288,128, 67108864 , 173 , 3
mmapLog,2,524288,128, 67108864 , 173 , 3
mmapLog,2,524288,128, 67108864 , 173 , 3
mmapLog,2,524288,128, 67108864 , 174 , 3
