writeLog,0,524288,1, 524288 , 926 , 3
writeLog,0,524288,1, 524288 , 915 , 3
writeLog,0,524288,1, 524288 , 894 , 3
writeLog,0,524288,1, 524288 , 910 , 3
writeLog,0,524288,1, 524288 , 888 , 3
writeLog,0,524288,1, 524288 , 898 , 3
writeLog,0,524288,1, 524288 , 863 , 3
writeLog,0,524288,1, 524288 , 932 , 3
writeLog,0,524288,1, 524288 , 930 , 3
writeLog,0,524288,1, 524288 , 913 , 3
writeLog,0,524288,2, 1048576 , 927 , 3
writeLog,0,524288,2, 1048576 , 941 , 3
writeLog,0,524288,2, 1048576 , 919 , 3
writeLog,0,524288,2, 1048576 , 927 , 3
writeLog,0,524288,2, 1048576 , 893 , 3
writeLog,0,524288,2, 1048576 , 965 , 3
writeLog,0,524288,2, 1048576 , 954 , 3
writeLog,0,524288,2, 1048576 , 958 , 3
writeLog,0,524288,2, 1048576 , 916 , 3
writeLog,0,524288,2, 1048576 , 952 , 3
writeLog,0,524288,4, 2097152 , 919 , 3
writeLog,0,524288,4, 2097152 , 935 , 3
writeLog,0,524288,4, 2097152 , 928 , 3
writeLog,0,524288,4, 2097152 , 975 , 3
writeLog,0,524288,4, 2097152 , 958 , 3
writeLog,0,524288,4, 2097152 , 973 , 3
writeLog,0,524288,4, 2097152 , 921 , 3
writeLog,0,524288,4, 2097152 , 957 , 3
writeLog,0,524288,4, 2097152 , 930 , 3
writeLog,0,524288,4, 2097152 , 911 , 3
writeLog,0,524288,8, 4194304 , 966 , 3
writeLog,0,524288,8, 4194304 , 980 , 3
writeLog,0,524288,8, 4194304 , 964 , 3
writeLog,0,524288,8, 4194304 , 959 , 3
writeLog,0,524288,8, 4194304 , 947 , 3
writeLog,0,524288,8, 4194304 , 944 , 3
writeLog,0,524288,8, 4194304 , 955 , 3
writeLog,0,524288,8, 4194304 , 918 , 3
writeLog,0,524288,8, 4194304 , 979 , 3
writeLog,0,524288,8, 4194304 , 972 , 3
writeLog,0,524288,16, 8388608 , 976 , 3
writeLog,0,524288,16, 8388608 , 938 , 3
writeLog,0,524288,16, 8388608 , 975 , 3
writeLog,0,524288,16, 8388608 , 935 , 3
writeLog,0,524288,16, 8388608 , 936 , 3
writeLog,0,524288,16, 8388608 , 953 , 3
writeLog,0,524288,16, 8388608 , 985 , 3
writeLog,0,524288,16, 8388608 , 968 , 3
writeLog,0,524288,16, 8388608 , 975 , 3
writeLog,0,524288,16, 8388608 , 940 , 3
writeLog,0,524288,32, 16777216 , 946 , 3
writeLog,0,524288,32, 16777216 , 965 , 3
writeLog,0,524288,32, 16777216 , 924 , 3
writeLog,0,524288,32, 16777216 , 981 , 3
writeLog,0,524288,32, 16777216 , 983 , 3
writeLog,0,524288,32, 16777216 , 971 , 3
writeLog,0,524288,32, 16777216 , 947 , 3
writeLog,0,524288,32, 16777216 , 973 , 3
writeLog,0,524288,32, 16777216 , 945 , 3
writeLog,0,524288,32, 16777216 , 955 , 3
writeLog,0,524288,64, 33554432 , 947 , 3
writeLog,0,524288,64, 33554432 , 986 , 3
writeLog,0,524288,64, 33554432 , 971 , 3
writeLog,0,524288,64, 33554432 , 981 , 3
writeLog,0,524288,64, 33554432 , 944 , 3
writeLog,0,524288,64, 33554432 , 957 , 3
writeLog,0,524288,64, 33554432 , 964 , 3
writeLog,0,524288,64, 33554432 , 931 , 3
writeLog,0,524288,64, 33554432 , 982 , 3
writeLog,0,524288,64, 33554432 , 983 , 3
writeLog,0,524288,128, 67108864 , 975 , 3
writeLog,0,524288,128, 67108864 , 949 , 3
writeLog,0,524288,128, 67108864 , 977 , 3
writeLog,0,524288,128, 67108864 , 948 , 3
writeLog,0,524288,128, 67108864 , 952 , 3
writeLog,0,524288,128, 67108864 , 958 , 3
writeLog,0,524288,128, 67108864 , 986 , 3
writeLog,0,524288,128, 67108864 , 974 , 3
writeLog,0,524288,128, 67108864 , 983 , 3
writeLog,0,524288,128, 67108864 , 950 , 3
