mmapLog,0,524288,1, 524288 , 800 , 2
mmapLog,0,524288,1, 524288 , 805 , 2
mmapLog,0,524288,1, 524288 , 814 , 2
mmapLog,0,524288,1, 524288 , 807 , 2
mmapLog,0,524288,1, 524288 , 816 , 2
mmapLog,0,524288,1, 524288 , 833 , 2
mmapLog,0,524288,1, 524288 , 814 , 2
mmapLog,0,524288,1, 524288 , 802 , 2
mmapLog,0,524288,1, 524288 , 821 , 2
mmapLog,0,524288,1, 524288 , 813 , 2
mmapLog,0,524288,2, 1048576 , 748 , 2
mmapLog,0,524288,2, 1048576 , 762 , 2
mmapLog,0,524288,2, 1048576 , 755 , 2
mmapLog,0,524288,2, 1048576 , 743 , 2
mmapLog,0,524288,2, 1048576 , 780 , 2
mmapLog,0,524288,2, 1048576 , 776 , 2
mmapLog,0,524288,2, 1048576 , 761 , 2
mmapLog,0,524288,2, 1048576 , 780 , 2
mmapLog,0,524288,2, 1048576 , 754 , 2
mmapLog,0,524288,2, 1048576 , 750 , 2
mmapLog,0,524288,4, 2097152 , 715 , 2
mmapLog,0,524288,4, 2097152 , 717 , 2
mmapLog,0,524288,4, 2097152 , 723 , 2
mmapLog,0,524288,4, 2097152 , 735 , 2
mmapLog,0,524288,4, 2097152 , 729 , 2
mmapLog,0,524288,4, 2097152 , 727 , 2
mmapLog,0,524288,4, 2097152 , 726 , 2
mmapLog,0,524288,4, 2097152 , 726 , 2
mmapLog,0,524288,4, 2097152 , 725 , 2
mmapLog,0,524288,4, 2097152 , 730 , 2
mmapLog,0,524288,8, 4194304 , 737 , 2
mmapLog,0,524288,8, 4194304 , 742 , 2
mmapLog,0,524288,8, 4194304 , 730 , 2
mmapLog,0,524288,8, 4194304 , 746 , 2
mmapLog,0,524288,8, 4194304 , 728 , 2
mmapLog,0,524288,8, 4194304 , 746 , 2
mmapLog,0,524288,8, 4194304 , 740 , 2
mmapLog,0,524288,8, 4194304 , 739 , 2
mmapLog,0,524288,8, 4194304 , 729 , 2
mmapLog,0,524288,8, 4194304 , 745 , 2
mmapLog,0,524288,16, 8388608 , 712 , 2
mmapLog,0,524288,16, 8388608 , 724 , 2
mmapLog,0,524288,16, 8388608 , 715 , 2
mmapLog,0,524288,16, 8388608 , 729 , 2
mmapLog,0,524288,16, 8388608 , 729 , 2
mmapLog,0,524288,16, 8388608 , 715 , 2
mmapLog,0,524288,16, 8388608 , 715 , 2
mmapLog,0,524288,16, 8388608 , 713 , 2
mmapLog,0,524288,16, 8388608 , 715 , 2
mmapLog,0,524288,16, 8388608 , 720 , 2
mmapLog,0,524288,32, 16777216 , 622 , 2
mmapLog,0,524288,32, 16777216 , 622 , 2
mmapLog,0,524288,32, 16777216 , 619 , 2
mmapLog,0,524288,32, 16777216 , 629 , 2
mmapLog,0,524288,32, 16777216 , 626 , 2
mmapLog,0,524288,32, 16777216 , 628 , 2
mmapLog,0,524288,32, 16777216 , 620 , 2
mmapLog,0,524288,32, 16777216 , 632 , 2
mmapLog,0,524288,32, 16777216 , 570 , 2
mmapLog,0,524288,32, 16777216 , 620 , 2
mmapLog,0,524288,64, 33554432 , 481 , 2
mmapLog,0,524288,64, 33554432 , 480 , 2
mmapLog,0,524288,64, 33554432 , 478 , 2
mmapLog,0,524288,64, 33554432 , 481 , 2
mmapLog,0,524288,64, 33554432 , 471 , 2
mmapLog,0,524288,64, 33554432 , 480 , 2
mmapLog,0,524288,64, 33554432 , 482 , 2
mmapLog,0,524288,64, 33554432 , 483 , 2
mmapLog,0,524288,64, 33554432 , 482 , 2
mmapLog,0,524288,64, 33554432 , 480 , 2
mmapLog,0,524288,128, 67108864 , 424 , 2
mmapLog,0,524288,128, 67108864 , 427 , 2
mmapLog,0,524288,128, 67108864 , 423 , 2
mmapLog,0,524288,128, 67108864 , 422 , 2
mmapLog,0,524288,128, 67108864 , 412 , 2
mmapLog,0,524288,128, 67108864 , 412 , 2
mmapLog,0,524288,128, 67108864 , 414 , 2
mmapLog,0,524288,128, 67108864 , 417 , 2
mmapLog,0,524288,128, 67108864 , 416 , 2
mmapLog,0,524288,128, 67108864 , 411 , 2
