mmapLog,0,524288,1, 524288 , 584 , 1
mmapLog,0,524288,1, 524288 , 578 , 1
mmapLog,0,524288,1, 524288 , 586 , 1
mmapLog,0,524288,1, 524288 , 596 , 1
mmapLog,0,524288,1, 524288 , 580 , 1
mmapLog,0,524288,1, 524288 , 590 , 1
mmapLog,0,524288,1, 524288 , 589 , 1
mmapLog,0,524288,1, 524288 , 578 , 1
mmapLog,0,524288,1, 524288 , 583 , 1
mmapLog,0,524288,1, 524288 , 593 , 1
mmapLog,0,524288,2, 1048576 , 594 , 1
mmapLog,0,524288,2, 1048576 , 574 , 1
mmapLog,0,524288,2, 1048576 , 576 , 1
mmapLog,0,524288,2, 1048576 , 573 , 1
mmapLog,0,524288,2, 1048576 , 576 , 1
mmapLog,0,524288,2, 1048576 , 577 , 1
mmapLog,0,524288,2, 1048576 , 578 , 1
mmapLog,0,524288,2, 1048576 , 577 , 1
mmapLog,0,524288,2, 1048576 , 575 , 1
mmapLog,0,524288,2, 1048576 , 584 , 1
mmapLog,0,524288,4, 2097152 , 577 , 1
mmapLog,0,524288,4, 2097152 , 582 , 1
mmapLog,0,524288,4, 2097152 , 571 , 1
mmapLog,0,524288,4, 2097152 , 570 , 1
mmapLog,0,524288,4, 2097152 , 566 , 1
mmapLog,0,524288,4, 2097152 , 577 , 1
mmapLog,0,524288,4, 2097152 , 577 , 1
mmapLog,0,524288,4, 2097152 , 592 , 1
mmapLog,0,524288,4, 2097152 , 572 , 1
mmapLog,0,524288,4, 2097152 , 562 , 1
mmapLog,0,524288,8, 4194304 , 564 , 1
mmapLog,0,524288,8, 4194304 , 565 , 1
mmapLog,0,524288,8, 4194304 , 579 , 1
mmapLog,0,524288,8, 4194304 , 583 , 1
mmapLog,0,524288,8, 4194304 , 580 , 1
mmapLog,0,524288,8, 4194304 , 565 , 1
mmapLog,0,524288,8, 4194304 , 563 , 1
mmapLog,0,524288,8, 4194304 , 565 , 1
mmapLog,0,524288,8, 4194304 , 566 , 1
mmapLog,0,524288,8, 4194304 , 576 , 1
mmapLog,0,524288,16, 8388608 , 572 , 1
mmapLog,0,524288,16, 8388608 , 561 , 1
mmapLog,0,524288,16, 8388608 , 560 , 1
mmapLog,0,524288,16, 8388608 , 573 , 1
mmapLog,0,524288,16, 8388608 , 557 , 1
mmapLog,0,524288,16, 8388608 , 560 , 1
mmapLog,0,524288,16, 8388608 , 571 , 1
mmapLog,0,524288,16, 8388608 , 577 , 1
mmapLog,0,524288,16, 8388608 , 576 , 1
mmapLog,0,524288,16, 8388608 , 568 , 1
mmapLog,0,524288,32, 16777216 , 545 , 1
mmapLog,0,524288,32, 16777216 , 547 , 1
mmapLog,0,524288,32, 16777216 , 553 , 1
mmapLog,0,524288,32, 16777216 , 553 , 1
mmapLog,0,524288,32, 16777216 , 553 , 1
mmapLog,0,524288,32, 16777216 , 545 , 1
mmapLog,0,524288,32, 16777216 , 554 , 1
mmapLog,0,524288,32, 16777216 , 547 , 1
mmapLog,0,524288,32, 16777216 , 574 , 1
mmapLog,0,524288,32, 16777216 , 562 , 1
mmapLog,0,524288,64, 33554432 , 521 , 1
mmapLog,0,524288,64, 33554432 , 526 , 1
mmapLog,0,524288,64, 33554432 , 528 , 1
mmapLog,0,524288,64, 33554432 , 528 , 1
mmapLog,0,524288,64, 33554432 , 520 , 1
mmapLog,0,524288,64, 33554432 , 536 , 1
mmapLog,0,524288,64, 33554432 , 541 , 1
mmapLog,0,524288,64, 33554432 , 519 , 1
mmapLog,0,524288,64, 33554432 , 528 , 1
mmapLog,0,524288,64, 33554432 , 524 , 1
mmapLog,0,524288,128, 67108864 , 437 , 1
mmapLog,0,524288,128, 67108864 , 426 , 1
mmapLog,0,524288,128, 67108864 , 437 , 1
mmapLog,0,524288,128, 67108864 , 436 , 1
mmapLog,0,524288,128, 67108864 , 434 , 1
mmapLog,0,524288,128, 67108864 , 436 , 1
mmapLog,0,524288,128, 67108864 , 436 , 1
mmapLog,0,524288,128, 67108864 , 436 , 1
mmapLog,0,524288,128, 67108864 , 440 , 1
mmapLog,0,524288,128, 67108864 , 434 , 1
