mmapLog,0,524288,1, 524288 , 788 , 4
mmapLog,0,524288,1, 524288 , 778 , 4
mmapLog,0,524288,1, 524288 , 763 , 4
mmapLog,0,524288,1, 524288 , 762 , 4
mmapLog,0,524288,1, 524288 , 778 , 4
mmapLog,0,524288,1, 524288 , 760 , 4
mmapLog,0,524288,1, 524288 , 777 , 4
mmapLog,0,524288,1, 524288 , 772 , 4
mmapLog,0,524288,1, 524288 , 771 , 4
mmapLog,0,524288,1, 524288 , 771 , 4
mmapLog,0,524288,2, 1048576 , 719 , 4
mmapLog,0,524288,2, 1048576 , 735 , 4
mmapLog,0,524288,2, 1048576 , 734 , 4
mmapLog,0,524288,2, 1048576 , 729 , 4
mmapLog,0,524288,2, 1048576 , 697 , 4
mmapLog,0,524288,2, 1048576 , 728 , 4
mmapLog,0,524288,2, 1048576 , 697 , 4
mmapLog,0,524288,2, 1048576 , 736 , 4
mmapLog,0,524288,2, 1048576 , 730 , 4
mmapLog,0,524288,2, 1048576 , 735 , 4
mmapLog,0,524288,4, 2097152 , 711 , 4
mmapLog,0,524288,4, 2097152 , 713 , 4
mmapLog,0,524288,4, 2097152 , 675 , 4
mmapLog,0,524288,4, 2097152 , 714 , 4
mmapLog,0,524288,4, 2097152 , 714 , 4
mmapLog,0,524288,4, 2097152 , 709 , 4
mmapLog,0,524288,4, 2097152 , 682 , 4
mmapLog,0,524288,4, 2097152 , 719 , 4
mmapLog,0,524288,4, 2097152 , 717 , 4
mmapLog,0,524288,4, 2097152 , 717 , 4
mmapLog,0,524288,8, 4194304 , 685 , 4
mmapLog,0,524288,8, 4194304 , 696 , 4
mmapLog,0,524288,8, 4194304 , 684 , 4
mmapLog,0,524288,8, 4194304 , 686 , 4
mmapLog,0,524288,8, 4194304 , 683 , 4
mmapLog,0,524288,8, 4194304 , 684 , 4
mmapLog,0,524288,8, 4194304 , 702 , 4
mmapLog,0,524288,8, 4194304 , 692 , 4
mmapLog,0,524288,8, 4194304 , 709 , 4
mmapLog,0,524288,8, 4194304 , 687 , 4
mmapLog,0,524288,16, 8388608 , 606 , 4
mmapLog,0,524288,16, 8388608 , 598 , 4
mmapLog,0,524288,16, 8388608 , 595 , 4
mmapLog,0,524288,16, 8388608 , 594 , 4
mmapLog,0,524288,16, 8388608 , 582 , 4
mmapLog,0,524288,16, 8388608 , 591 , 4
mmapLog,0,524288,16, 8388608 , 595 , 4
mmapLog,0,524288,16, 8388608 , 610 , 4
mmapLog,0,524288,16, 8388608 , 594 , 4
mmapLog,0,524288,16, 8388608 , 595 , 4
mmapLog,0,524288,32, 16777216 , 475 , 4
mmapLog,0,524288,32, 16777216 , 504 , 4
mmapLog,0,524288,32, 16777216 , 470 , 4
mmapLog,0,524288,32, 16777216 , 509 , 4
mmapLog,0,524288,32, 16777216 , 469 , 4
mmapLog,0,524288,32, 16777216 , 525 , 4
mmapLog,0,524288,32, 16777216 , 469 , 4
mmapLog,0,524288,32, 16777216 , 470 , 4
mmapLog,0,524288,32, 16777216 , 477 , 4
mmapLog,0,524288,32, 16777216 , 469 , 4
mmapLog,0,524288,64, 33554432 , 412 , 4
mmapLog,0,524288,64, 33554432 , 405 , 4
mmapLog,0,524288,64, 33554432 , 412 , 4
mmapLog,0,524288,64, 33554432 , 424 , 4
mmapLog,0,524288,64, 33554432 , 413 , 4
mmapLog,0,524288,64, 33554432 , 406 , 4
mmapLog,0,524288,64, 33554432 , 417 , 4
mmapLog,0,524288,64, 33554432 , 415 , 4
mmapLog,0,524288,64, 33554432 , 420 , 4
mmapLog,0,524288,64, 33554432 , 421 , 4
mmapLog,0,524288,128, 67108864 , 401 , 4
mmapLog,0,524288,128, 67108864 , 399 , 4
mmapLog,0,524288,128, 67108864 , 401 , 4
mmapLog,0,524288,128, 67108864 , 392 , 4
mmapLog,0,524288,128, 67108864 , 400 , 4
mmapLog,0,524288,128, 67108864 , 397 , 4
mmapLog,0,524288,128, 67108864 , 391 , 4
mmapLog,0,524288,128, 67108864 , 402 , 4
mmapLog,0,524288,128, 67108864 , 397 , 4
mmapLog,0,524288,128, 67108864 , 389 , 4
