mmapLog,2,524288,1, 524288 , 485 , 2
mmapLog,2,524288,1, 524288 , 484 , 2
mmapLog,2,524288,1, 524288 , 484 , 2
mmapLog,2,524288,1, 524288 , 487 , 2
mmapLog,2,524288,1, 524288 , 488 , 2
mmapLog,2,524288,1, 524288 , 487 , 2
mmapLog,2,524288,1, 524288 , 488 , 2
mmapLog,2,524288,1, 524288 , 486 , 2
mmapLog,2,524288,1, 524288 , 488 , 2
mmapLog,2,524288,1, 524288 , 487 , 2
mmapLog,2,524288,2, 1048576 , 471 , 2
mmapLog,2,524288,2, 1048576 , 469 , 2
mmapLog,2,524288,2, 1048576 , 469 , 2
mmapLog,2,524288,2, 1048576 , 469 , 2
mmapLog,2,524288,2, 1048576 , 468 , 2
mmapLog,2,524288,2, 1048576 , 469 , 2
mmapLog,2,524288,2, 1048576 , 469 , 2
mmapLog,2,524288,2, 1048576 , 470 , 2
mmapLog,2,524288,2, 1048576 , 473 , 2
mmapLog,2,524288,2, 1048576 , 473 , 2
mmapLog,2,524288,4, 2097152 , 463 , 2
mmapLog,2,524288,4, 2097152 , 463 , 2
mmapLog,2,524288,4, 2097152 , 465 , 2
mmapLog,2,524288,4, 2097152 , 465 , 2
mmapLog,2,524288,4, 2097152 , 461 , 2
mmapLog,2,524288,4, 2097152 , 460 , 2
mmapLog,2,524288,4, 2097152 , 461 , 2
mmapLog,2,524288,4, 2097152 , 461 , 2
mmapLog,2,524288,4, 2097152 , 462 , 2
mmapLog,2,524288,4, 2097152 , 460 , 2
mmapLog,2,524288,8, 4194304 , 457 , 2
mmapLog,2,524288,8, 4194304 , 456 , 2
mmapLog,2,524288,8, 4194304 , 456 , 2
mmapLog,2,524288,8, 4194304 , 459 , 2
mmapLog,2,524288,8, 4194304 , 458 , 2
mmapLog,2,524288,8, 4194304 , 462 , 2
mmapLog,2,524288,8, 4194304 , 455 , 2
mmapLog,2,524288,8, 4194304 , 457 , 2
mmapLog,2,524288,8, 4194304 , 456 , 2
mmapLog,2,524288,8, 4194304 , 457 , 2
mmapLog,2,524288,16, 8388608 , 453 , 2
mmapLog,2,524288,16, 8388608 , 447 , 2
mmapLog,2,524288,16, 8388608 , 452 , 2
mmapLog,2,524288,16, 8388608 , 448 , 2
mmapLog,2,524288,16, 8388608 , 452 , 2
mmapLog,2,524288,16, 8388608 , 449 , 2
mmapLog,2,524288,16, 8388608 , 451 , 2
mmapLog,2,524288,16, 8388608 , 452 , 2
mmapLog,2,524288,16, 8388608 , 453 , 2
mmapLog,2,524288,16, 8388608 , 454 , 2
mmapLog,2,524288,32, 16777216 , 420 , 2
mmapLog,2,524288,32, 16777216 , 421 , 2
mmapLog,2,524288,32, 16777216 , 422 , 2
mmapLog,2,524288,32, 16777216 , 425 , 2
mmapLog,2,524288,32, 16777216 , 426 , 2
mmapLog,2,524288,32, 16777216 , 423 , 2
mmapLog,2,524288,32, 16777216 , 428 , 2
mmapLog,2,524288,32, 16777216 , 414 , 2
mmapLog,2,524288,32, 16777216 , 423 , 2
mmapLog,2,524288,32, 16777216 , 418 , 2
mmapLog,2,524288,64, 33554432 , 316 , 2
mmapLog,2,524288,64, 33554432 , 316 , 2
mmapLog,2,524288,64, 33554432 , 316 , 2
mmapLog,2,524288,64, 33554432 , 316 , 2
mmapLog,2,524288,64, 33554432 , 318 , 2
mmapLog,2,524288,64, 33554432 , 318 , 2
mmapLog,2,524288,64, 33554432 , 318 , 2
mmapLog,2,524288,64, 33554432 , 316 , 2
mmapLog,2,524288,64, 33554432 , 316 , 2
mmapLog,2,524288,64, 33554432 , 318 , 2
mmapLog,2,524288,128, 67108864 , 264 , 2
mmapLog,2,524288,128, 67108864 , 264 , 2
mmapLog,2,524288,128, 67108864 , 265 , 2
mmapLog,2,524288,128, 67108864 , 266 , 2
mmapLog,2,524288,128, 67108864 , 265 , 2
mmapLog,2,524288,128, 67108864 , 265 , 2
mmapLog,2,524288,128, 67108864 , 266 , 2
mmapLog,2,524288,128, 67108864 , 266 , 2
mmapLog,2,524288,128, 67108864 , 265 , 2
mmapLog,2,524288,128, 67108864 , 265 , 2
