mmapLog,2,524288,1, 524288 , 355 , 4
mmapLog,2,524288,1, 524288 , 355 , 4
mmapLog,2,524288,1, 524288 , 359 , 4
mmapLog,2,524288,1, 524288 , 359 , 4
mmapLog,2,524288,1, 524288 , 359 , 4
mmapLog,2,524288,1, 524288 , 361 , 4
mmapLog,2,524288,1, 524288 , 361 , 4
mmapLog,2,524288,1, 524288 , 359 , 4
mmapLog,2,524288,1, 524288 , 359 , 4
mmapLog,2,524288,1, 524288 , 381 , 4
mmapLog,2,524288,2, 1048576 , 367 , 4
mmapLog,2,524288,2, 1048576 , 287 , 4
mmapLog,2,524288,2, 1048576 , 283 , 4
mmapLog,2,524288,2, 1048576 , 297 , 4
mmapLog,2,524288,2, 1048576 , 285 , 4
mmapLog,2,524288,2, 1048576 , 287 , 4
mmapLog,2,524288,2, 1048576 , 283 , 4
mmapLog,2,524288,2, 1048576 , 367 , 4
mmapLog,2,524288,2, 1048576 , 287 , 4
mmapLog,2,524288,2, 1048576 , 365 , 4
mmapLog,2,524288,4, 2097152 , 243 , 4
mmapLog,2,524288,4, 2097152 , 250 , 4
mmapLog,2,524288,4, 2097152 , 270 , 4
mmapLog,2,524288,4, 2097152 , 249 , 4
mmapLog,2,524288,4, 2097152 , 246 , 4
mmapLog,2,524288,4, 2097152 , 262 , 4
mmapLog,2,524288,4, 2097152 , 247 , 4
mmapLog,2,524288,4, 2097152 , 257 , 4
mmapLog,2,524288,4, 2097152 , 247 , 4
mmapLog,2,524288,4, 2097152 , 245 , 4
mmapLog,2,524288,8, 4194304 , 270 , 4
mmapLog,2,524288,8, 4194304 , 261 , 4
mmapLog,2,524288,8, 4194304 , 268 , 4
mmapLog,2,524288,8, 4194304 , 261 , 4
mmapLog,2,524288,8, 4194304 , 273 , 4
mmapLog,2,524288,8, 4194304 , 276 , 4
mmapLog,2,524288,8, 4194304 , 265 , 4
mmapLog,2,524288,8, 4194304 , 269 , 4
mmapLog,2,524288,8, 4194304 , 267 , 4
mmapLog,2,524288,8, 4194304 , 271 , 4
mmapLog,2,524288,16, 8388608 , 191 , 4
mmapLog,2,524288,16, 8388608 , 199 , 4
mmapLog,2,524288,16, 8388608 , 201 , 4
mmapLog,2,524288,16, 8388608 , 208 , 4
mmapLog,2,524288,16, 8388608 , 204 , 4
mmapLog,2,524288,16, 8388608 , 209 , 4
mmapLog,2,524288,16, 8388608 , 199 , 4
mmapLog,2,524288,16, 8388608 , 200 , 4
mmapLog,2,524288,16, 8388608 , 199 , 4
mmapLog,2,524288,16, 8388608 , 190 , 4
mmapLog,2,524288,32, 16777216 , 161 , 4
mmapLog,2,524288,32, 16777216 , 161 , 4
mmapLog,2,524288,32, 16777216 , 162 , 4
mmapLog,2,524288,32, 16777216 , 162 , 4
mmapLog,2,524288,32, 16777216 , 184 , 4
mmapLog,2,524288,32, 16777216 , 160 , 4
mmapLog,2,524288,32, 16777216 , 162 , 4
mmapLog,2,524288,32, 16777216 , 160 , 4
mmapLog,2,524288,32, 16777216 , 161 , 4
mmapLog,2,524288,32, 16777216 , 160 , 4
mmapLog,2,524288,64, 33554432 , 147 , 4
mmapLog,2,524288,64, 33554432 , 146 , 4
mmapLog,2,524288,64, 33554432 , 154 , 4
mmapLog,2,524288,64, 33554432 , 145 , 4
mmapLog,2,524288,64, 33554432 , 145 , 4
mmapLog,2,524288,64, 33554432 , 144 , 4
mmapLog,2,524288,64, 33554432 , 144 , 4
mmapLog,2,524288,64, 33554432 , 146 , 4
mmapLog,2,524288,64, 33554432 , 145 , 4
mmapLog,2,524288,64, 33554432 , 143 , 4
mmapLog,2,524288,128, 67108864 , 135 , 4
mmapLog,2,524288,128, 67108864 , 134 , 4
mmapLog,2,524288,128, 67108864 , 135 , 4
mmapLog,2,524288,128, 67108864 , 136 , 4
mmapLog,2,524288,128, 67108864 , 134 , 4
mmapLog,2,524288,128, 67108864 , 136 , 4
mmapLog,2,524288,128, 67108864 , 134 , 4
mmapLog,2,524288,128, 67108864 , 137 , 4
mmapLog,2,524288,128, 67108864 , 134 , 4
mmapLog,2,524288,128, 67108864 , 134 , 4
