mmapLog,0,524288,1, 524288 , 678 , 3
mmapLog,0,524288,1, 524288 , 673 , 3
mmapLog,0,524288,1, 524288 , 687 , 3
mmapLog,0,524288,1, 524288 , 675 , 3
mmapLog,0,524288,1, 524288 , 715 , 3
mmapLog,0,524288,2, 1048576 , 670 , 3
mmapLog,0,524288,2, 1048576 , 606 , 3
mmapLog,0,524288,2, 1048576 , 616 , 3
mmapLog,0,524288,2, 1048576 , 617 , 3
mmapLog,0,524288,2, 1048576 , 652 , 3
mmapLog,0,524288,4, 2097152 , 614 , 3
mmapLog,0,524288,4, 2097152 , 641 , 3
mmapLog,0,524288,4, 2097152 , 650 , 3
mmapLog,0,524288,4, 2097152 , 617 , 3
mmapLog,0,524288,4, 2097152 , 648 , 3
mmapLog,0,524288,8, 4194304 , 629 , 3
mmapLog,0,524288,8, 4194304 , 596 , 3
mmapLog,0,524288,8, 4194304 , 603 , 3
mmapLog,0,524288,8, 4194304 , 594 , 3
mmapLog,0,524288,8, 4194304 , 615 , 3
mmapLog,0,524288,16, 8388608 , 543 , 3
mmapLog,0,524288,16, 8388608 , 569 , 3
mmapLog,0,524288,16, 8388608 , 578 , 3
mmapLog,0,524288,16, 8388608 , 552 , 3
mmapLog,0,524288,16, 8388608 , 579 , 3
mmapLog,0,524288,32, 16777216 , 462 , 3
mmapLog,0,524288,32, 16777216 , 440 , 3
mmapLog,0,524288,32, 16777216 , 439 , 3
mmapLog,0,524288,32, 16777216 , 427 , 3
mmapLog,0,524288,32, 16777216 , 453 , 3
mmapLog,0,524288,64, 33554432 , 358 , 3
mmapLog,0,524288,64, 33554432 , 367 , 3
mmapLog,0,524288,64, 33554432 , 371 , 3
mmapLog,0,524288,64, 33554432 , 382 , 3
mmapLog,0,524288,64, 33554432 , 397 , 3
mmapLog,0,524288,128, 67108864 , 351 , 3
mmapLog,0,524288,128, 67108864 , 342 , 3
mmapLog,0,524288,128, 67108864 , 336 , 3
mmapLog,0,524288,128, 67108864 , 332 , 3
mmapLog,0,524288,128, 67108864 , 333 , 3
mmapLog,0,524288,256, 134217728 , 323 , 3
mmapLog,0,524288,256, 134217728 , 346 , 3
mmapLog,0,524288,256, 134217728 , 342 , 3
mmapLog,0,524288,256, 134217728 , 351 , 3
mmapLog,0,524288,256, 134217728 , 357 , 3
mmapLog,0,524288,512, 268435456 , 322 , 3
mmapLog,0,524288,512, 268435456 , 332 , 3
mmapLog,0,524288,512, 268435456 , 336 , 3
mmapLog,0,524288,512, 268435456 , 338 , 3
mmapLog,0,524288,512, 268435456 , 342 , 3
