writeLog,2,524288,1, 524288 , 380 , 4
writeLog,2,524288,1, 524288 , 384 , 4
writeLog,2,524288,1, 524288 , 383 , 4
writeLog,2,524288,1, 524288 , 381 , 4
writeLog,2,524288,1, 524288 , 382 , 4
writeLog,2,524288,2, 1048576 , 405 , 4
writeLog,2,524288,2, 1048576 , 407 , 4
writeLog,2,524288,2, 1048576 , 407 , 4
writeLog,2,524288,2, 1048576 , 407 , 4
writeLog,2,524288,2, 1048576 , 415 , 4
writeLog,2,524288,4, 2097152 , 466 , 4
writeLog,2,524288,4, 2097152 , 470 , 4
writeLog,2,524288,4, 2097152 , 470 , 4
writeLog,2,524288,4, 2097152 , 453 , 4
writeLog,2,524288,4, 2097152 , 416 , 4
writeLog,2,524288,8, 4194304 , 483 , 4
writeLog,2,524288,8, 4194304 , 468 , 4
writeLog,2,524288,8, 4194304 , 469 , 4
writeLog,2,524288,8, 4194304 , 467 , 4
writeLog,2,524288,8, 4194304 , 462 , 4
writeLog,2,524288,16, 8388608 , 466 , 4
writeLog,2,524288,16, 8388608 , 468 , 4
writeLog,2,524288,16, 8388608 , 468 , 4
writeLog,2,524288,16, 8388608 , 475 , 4
writeLog,2,524288,16, 8388608 , 476 , 4
writeLog,2,524288,32, 16777216 , 473 , 4
writeLog,2,524288,32, 16777216 , 478 , 4
writeLog,2,524288,32, 16777216 , 470 , 4
writeLog,2,524288,32, 16777216 , 476 , 4
writeLog,2,524288,32, 16777216 , 477 , 4
writeLog,2,524288,64, 33554432 , 473 , 4
writeLog,2,524288,64, 33554432 , 470 , 4
writeLog,2,524288,64, 33554432 , 470 , 4
writeLog,2,524288,64, 33554432 , 467 , 4
writeLog,2,524288,64, 33554432 , 474 , 4
writeLog,2,524288,128, 67108864 , 469 , 4
writeLog,2,524288,128, 67108864 , 472 , 4
writeLog,2,524288,128, 67108864 , 464 , 4
writeLog,2,524288,128, 67108864 , 474 , 4
writeLog,2,524288,128, 67108864 , 463 , 4
writeLog,2,524288,256, 134217728 , 479 , 4
writeLog,2,524288,256, 134217728 , 467 , 4
writeLog,2,524288,256, 134217728 , 471 , 4
writeLog,2,524288,256, 134217728 , 466 , 4
writeLog,2,524288,256, 134217728 , 474 , 4
writeLog,2,524288,512, 268435456 , 476 , 4
writeLog,2,524288,512, 268435456 , 475 , 4
writeLog,2,524288,512, 268435456 , 470 , 4
writeLog,2,524288,512, 268435456 , 477 , 4
writeLog,2,524288,512, 268435456 , 471 , 4
