writeLog,0,524288,1, 524288 , 649 , 4
writeLog,0,524288,1, 524288 , 603 , 4
writeLog,0,524288,1, 524288 , 727 , 4
writeLog,0,524288,1, 524288 , 617 , 4
writeLog,0,524288,1, 524288 , 710 , 4
writeLog,0,524288,2, 1048576 , 734 , 4
writeLog,0,524288,2, 1048576 , 732 , 4
writeLog,0,524288,2, 1048576 , 752 , 4
writeLog,0,524288,2, 1048576 , 805 , 4
writeLog,0,524288,2, 1048576 , 796 , 4
writeLog,0,524288,4, 2097152 , 760 , 4
writeLog,0,524288,4, 2097152 , 629 , 4
writeLog,0,524288,4, 2097152 , 598 , 4
writeLog,0,524288,4, 2097152 , 753 , 4
writeLog,0,524288,4, 2097152 , 611 , 4
writeLog,0,524288,8, 4194304 , 721 , 4
writeLog,0,524288,8, 4194304 , 724 , 4
writeLog,0,524288,8, 4194304 , 758 , 4
writeLog,0,524288,8, 4194304 , 780 , 4
writeLog,0,524288,8, 4194304 , 802 , 4
writeLog,0,524288,16, 8388608 , 800 , 4
writeLog,0,524288,16, 8388608 , 759 , 4
writeLog,0,524288,16, 8388608 , 646 , 4
writeLog,0,524288,16, 8388608 , 622 , 4
writeLog,0,524288,16, 8388608 , 736 , 4
writeLog,0,524288,32, 16777216 , 606 , 4
writeLog,0,524288,32, 16777216 , 741 , 4
writeLog,0,524288,32, 16777216 , 737 , 4
writeLog,0,524288,32, 16777216 , 723 , 4
writeLog,0,524288,32, 16777216 , 748 , 4
writeLog,0,524288,64, 33554432 , 792 , 4
writeLog,0,524288,64, 33554432 , 788 , 4
writeLog,0,524288,64, 33554432 , 756 , 4
writeLog,0,524288,64, 33554432 , 633 , 4
writeLog,0,524288,64, 33554432 , 599 , 4
writeLog,0,524288,128, 67108864 , 738 , 4
writeLog,0,524288,128, 67108864 , 619 , 4
writeLog,0,524288,128, 67108864 , 736 , 4
writeLog,0,524288,128, 67108864 , 720 , 4
writeLog,0,524288,128, 67108864 , 746 , 4
writeLog,0,524288,256, 134217728 , 747 , 4
writeLog,0,524288,256, 134217728 , 789 , 4
writeLog,0,524288,256, 134217728 , 791 , 4
writeLog,0,524288,256, 134217728 , 713 , 4
writeLog,0,524288,256, 134217728 , 641 , 4
writeLog,0,524288,512, 268435456 , 606 , 4
writeLog,0,524288,512, 268435456 , 715 , 4
writeLog,0,524288,512, 268435456 , 636 , 4
writeLog,0,524288,512, 268435456 , 753 , 4
writeLog,0,524288,512, 268435456 , 713 , 4
