writeLog,2,524288,1, 524288 , 518 , 3
writeLog,2,524288,1, 524288 , 532 , 3
writeLog,2,524288,1, 524288 , 516 , 3
writeLog,2,524288,1, 524288 , 525 , 3
writeLog,2,524288,1, 524288 , 525 , 3
writeLog,2,524288,2, 1048576 , 529 , 3
writeLog,2,524288,2, 1048576 , 536 , 3
writeLog,2,524288,2, 1048576 , 536 , 3
writeLog,2,524288,2, 1048576 , 533 , 3
writeLog,2,524288,2, 1048576 , 527 , 3
writeLog,2,524288,4, 2097152 , 544 , 3
writeLog,2,524288,4, 2097152 , 560 , 3
writeLog,2,524288,4, 2097152 , 562 , 3
writeLog,2,524288,4, 2097152 , 554 , 3
writeLog,2,524288,4, 2097152 , 540 , 3
writeLog,2,524288,8, 4194304 , 550 , 3
writeLog,2,524288,8, 4194304 , 555 , 3
writeLog,2,524288,8, 4194304 , 548 , 3
writeLog,2,524288,8, 4194304 , 551 , 3
writeLog,2,524288,8, 4194304 , 549 , 3
writeLog,2,524288,16, 8388608 , 547 , 3
writeLog,2,524288,16, 8388608 , 549 , 3
writeLog,2,524288,16, 8388608 , 552 , 3
writeLog,2,524288,16, 8388608 , 539 , 3
writeLog,2,524288,16, 8388608 , 550 , 3
writeLog,2,524288,32, 16777216 , 552 , 3
writeLog,2,524288,32, 16777216 , 573 , 3
writeLog,2,524288,32, 16777216 , 559 , 3
writeLog,2,524288,32, 16777216 , 556 , 3
writeLog,2,524288,32, 16777216 , 545 , 3
writeLog,2,524288,64, 33554432 , 565 , 3
writeLog,2,524288,64, 33554432 , 546 , 3
writeLog,2,524288,64, 33554432 , 554 , 3
writeLog,2,524288,64, 33554432 , 557 , 3
writeLog,2,524288,64, 33554432 , 545 , 3
writeLog,2,524288,128, 67108864 , 549 , 3
writeLog,2,524288,128, 67108864 , 553 , 3
writeLog,2,524288,128, 67108864 , 541 , 3
writeLog,2,524288,128, 67108864 , 544 , 3
writeLog,2,524288,128, 67108864 , 549 , 3
writeLog,2,524288,256, 134217728 , 575 , 3
writeLog,2,524288,256, 134217728 , 565 , 3
writeLog,2,524288,256, 134217728 , 563 , 3
writeLog,2,524288,256, 134217728 , 547 , 3
writeLog,2,524288,256, 134217728 , 564 , 3
writeLog,2,524288,512, 268435456 , 547 , 3
writeLog,2,524288,512, 268435456 , 556 , 3
writeLog,2,524288,512, 268435456 , 559 , 3
writeLog,2,524288,512, 268435456 , 545 , 3
writeLog,2,524288,512, 268435456 , 548 , 3
