mmapLog,2,524288,1, 524288 , 480 , 3
mmapLog,2,524288,1, 524288 , 454 , 3
mmapLog,2,524288,1, 524288 , 484 , 3
mmapLog,2,524288,1, 524288 , 454 , 3
mmapLog,2,524288,1, 524288 , 479 , 3
mmapLog,2,524288,2, 1048576 , 421 , 3
mmapLog,2,524288,2, 1048576 , 434 , 3
mmapLog,2,524288,2, 1048576 , 414 , 3
mmapLog,2,524288,2, 1048576 , 426 , 3
mmapLog,2,524288,2, 1048576 , 474 , 3
mmapLog,2,524288,4, 2097152 , 451 , 3
mmapLog,2,524288,4, 2097152 , 421 , 3
mmapLog,2,524288,4, 2097152 , 451 , 3
mmapLog,2,524288,4, 2097152 , 423 , 3
mmapLog,2,524288,4, 2097152 , 440 , 3
mmapLog,2,524288,8, 4194304 , 415 , 3
mmapLog,2,524288,8, 4194304 , 426 , 3
mmapLog,2,524288,8, 4194304 , 408 , 3
mmapLog,2,524288,8, 4194304 , 413 , 3
mmapLog,2,524288,8, 4194304 , 460 , 3
mmapLog,2,524288,16, 8388608 , 377 , 3
mmapLog,2,524288,16, 8388608 , 351 , 3
mmapLog,2,524288,16, 8388608 , 396 , 3
mmapLog,2,524288,16, 8388608 , 388 , 3
mmapLog,2,524288,16, 8388608 , 358 , 3
mmapLog,2,524288,32, 16777216 , 266 , 3
mmapLog,2,524288,32, 16777216 , 245 , 3
mmapLog,2,524288,32, 16777216 , 239 , 3
mmapLog,2,524288,32, 16777216 , 243 , 3
mmapLog,2,524288,32, 16777216 , 275 , 3
mmapLog,2,524288,64, 33554432 , 197 , 3
mmapLog,2,524288,64, 33554432 , 192 , 3
mmapLog,2,524288,64, 33554432 , 193 , 3
mmapLog,2,524288,64, 33554432 , 190 , 3
mmapLog,2,524288,64, 33554432 , 194 , 3
mmapLog,2,524288,128, 67108864 , 168 , 3
mmapLog,2,524288,128, 67108864 , 171 , 3
mmapLog,2,524288,128, 67108864 , 169 , 3
mmapLog,2,524288,128, 67108864 , 174 , 3
mmapLog,2,524288,128, 67108864 , 173 , 3
mmapLog,2,524288,256, 134217728 , 162 , 3
mmapLog,2,524288,256, 134217728 , 164 , 3
mmapLog,2,524288,256, 134217728 , 161 , 3
mmapLog,2,524288,256, 134217728 , 163 , 3
mmapLog,2,524288,256, 134217728 , 159 , 3
mmapLog,2,524288,512, 268435456 , 158 , 3
mmapLog,2,524288,512, 268435456 , 156 , 3
mmapLog,2,524288,512, 268435456 , 159 , 3
mmapLog,2,524288,512, 268435456 , 162 , 3
mmapLog,2,524288,512, 268435456 , 161 , 3
