mmapLog,2,524288,1, 524288 , 440 , 2
mmapLog,2,524288,1, 524288 , 447 , 2
mmapLog,2,524288,1, 524288 , 425 , 2
mmapLog,2,524288,1, 524288 , 433 , 2
mmapLog,2,524288,1, 524288 , 435 , 2
mmapLog,2,524288,2, 1048576 , 460 , 2
mmapLog,2,524288,2, 1048576 , 450 , 2
mmapLog,2,524288,2, 1048576 , 454 , 2
mmapLog,2,524288,2, 1048576 , 419 , 2
mmapLog,2,524288,2, 1048576 , 446 , 2
mmapLog,2,524288,4, 2097152 , 433 , 2
mmapLog,2,524288,4, 2097152 , 420 , 2
mmapLog,2,524288,4, 2097152 , 441 , 2
mmapLog,2,524288,4, 2097152 , 417 , 2
mmapLog,2,524288,4, 2097152 , 412 , 2
mmapLog,2,524288,8, 4194304 , 405 , 2
mmapLog,2,524288,8, 4194304 , 423 , 2
mmapLog,2,524288,8, 4194304 , 401 , 2
mmapLog,2,524288,8, 4194304 , 412 , 2
mmapLog,2,524288,8, 4194304 , 421 , 2
mmapLog,2,524288,16, 8388608 , 439 , 2
mmapLog,2,524288,16, 8388608 , 427 , 2
mmapLog,2,524288,16, 8388608 , 424 , 2
mmapLog,2,524288,16, 8388608 , 401 , 2
mmapLog,2,524288,16, 8388608 , 438 , 2
mmapLog,2,524288,32, 16777216 , 368 , 2
mmapLog,2,524288,32, 16777216 , 369 , 2
mmapLog,2,524288,32, 16777216 , 396 , 2
mmapLog,2,524288,32, 16777216 , 371 , 2
mmapLog,2,524288,32, 16777216 , 379 , 2
mmapLog,2,524288,64, 33554432 , 285 , 2
mmapLog,2,524288,64, 33554432 , 290 , 2
mmapLog,2,524288,64, 33554432 , 284 , 2
mmapLog,2,524288,64, 33554432 , 285 , 2
mmapLog,2,524288,64, 33554432 , 315 , 2
mmapLog,2,524288,128, 67108864 , 264 , 2
mmapLog,2,524288,128, 67108864 , 261 , 2
mmapLog,2,524288,128, 67108864 , 249 , 2
mmapLog,2,524288,128, 67108864 , 252 , 2
mmapLog,2,524288,128, 67108864 , 262 , 2
mmapLog,2,524288,256, 134217728 , 227 , 2
mmapLog,2,524288,256, 134217728 , 231 , 2
mmapLog,2,524288,256, 134217728 , 236 , 2
mmapLog,2,524288,256, 134217728 , 219 , 2
mmapLog,2,524288,256, 134217728 , 227 , 2
mmapLog,2,524288,512, 268435456 , 224 , 2
mmapLog,2,524288,512, 268435456 , 214 , 2
mmapLog,2,524288,512, 268435456 , 218 , 2
mmapLog,2,524288,512, 268435456 , 217 , 2
mmapLog,2,524288,512, 268435456 , 239 , 2
