writeLog,2,524288,1, 524288 , 494 , 2
writeLog,2,524288,1, 524288 , 503 , 2
writeLog,2,524288,1, 524288 , 494 , 2
writeLog,2,524288,1, 524288 , 497 , 2
writeLog,2,524288,1, 524288 , 487 , 2
writeLog,2,524288,2, 1048576 , 506 , 2
writeLog,2,524288,2, 1048576 , 510 , 2
writeLog,2,524288,2, 1048576 , 506 , 2
writeLog,2,524288,2, 1048576 , 508 , 2
writeLog,2,524288,2, 1048576 , 510 , 2
writeLog,2,524288,4, 2097152 , 511 , 2
writeLog,2,524288,4, 2097152 , 515 , 2
writeLog,2,524288,4, 2097152 , 515 , 2
writeLog,2,524288,4, 2097152 , 513 , 2
writeLog,2,524288,4, 2097152 , 506 , 2
writeLog,2,524288,8, 4194304 , 520 , 2
writeLog,2,524288,8, 4194304 , 529 , 2
writeLog,2,524288,8, 4194304 , 536 , 2
writeLog,2,524288,8, 4194304 , 524 , 2
writeLog,2,524288,8, 4194304 , 520 , 2
writeLog,2,524288,16, 8388608 , 517 , 2
writeLog,2,524288,16, 8388608 , 530 , 2
writeLog,2,524288,16, 8388608 , 517 , 2
writeLog,2,524288,16, 8388608 , 525 , 2
writeLog,2,524288,16, 8388608 , 527 , 2
writeLog,2,524288,32, 16777216 , 516 , 2
writeLog,2,524288,32, 16777216 , 524 , 2
writeLog,2,524288,32, 16777216 , 523 , 2
writeLog,2,524288,32, 16777216 , 524 , 2
writeLog,2,524288,32, 16777216 , 515 , 2
writeLog,2,524288,64, 33554432 , 525 , 2
writeLog,2,524288,64, 33554432 , 530 , 2
writeLog,2,524288,64, 33554432 , 540 , 2
writeLog,2,524288,64, 33554432 , 529 , 2
writeLog,2,524288,64, 33554432 , 528 , 2
writeLog,2,524288,128, 67108864 , 519 , 2
writeLog,2,524288,128, 67108864 , 533 , 2
writeLog,2,524288,128, 67108864 , 519 , 2
writeLog,2,524288,128, 67108864 , 527 , 2
writeLog,2,524288,128, 67108864 , 529 , 2
writeLog,2,524288,256, 134217728 , 516 , 2
writeLog,2,524288,256, 134217728 , 525 , 2
writeLog,2,524288,256, 134217728 , 527 , 2
writeLog,2,524288,256, 134217728 , 523 , 2
writeLog,2,524288,256, 134217728 , 516 , 2
writeLog,2,524288,512, 268435456 , 525 , 2
writeLog,2,524288,512, 268435456 , 536 , 2
writeLog,2,524288,512, 268435456 , 543 , 2
writeLog,2,524288,512, 268435456 , 532 , 2
writeLog,2,524288,512, 268435456 , 527 , 2
