writeLog,0,524288,1, 524288 , 754 , 2
writeLog,0,524288,1, 524288 , 812 , 2
writeLog,0,524288,1, 524288 , 845 , 2
writeLog,0,524288,1, 524288 , 878 , 2
writeLog,0,524288,1, 524288 , 873 , 2
writeLog,0,524288,2, 1048576 , 900 , 2
writeLog,0,524288,2, 1048576 , 687 , 2
writeLog,0,524288,2, 1048576 , 656 , 2
writeLog,0,524288,2, 1048576 , 657 , 2
writeLog,0,524288,2, 1048576 , 741 , 2
writeLog,0,524288,4, 2097152 , 660 , 2
writeLog,0,524288,4, 2097152 , 858 , 2
writeLog,0,524288,4, 2097152 , 807 , 2
writeLog,0,524288,4, 2097152 , 886 , 2
writeLog,0,524288,4, 2097152 , 892 , 2
writeLog,0,524288,8, 4194304 , 917 , 2
writeLog,0,524288,8, 4194304 , 732 , 2
writeLog,0,524288,8, 4194304 , 548 , 2
writeLog,0,524288,8, 4194304 , 615 , 2
writeLog,0,524288,8, 4194304 , 788 , 2
writeLog,0,524288,16, 8388608 , 592 , 2
writeLog,0,524288,16, 8388608 , 784 , 2
writeLog,0,524288,16, 8388608 , 784 , 2
writeLog,0,524288,16, 8388608 , 879 , 2
writeLog,0,524288,16, 8388608 , 877 , 2
writeLog,0,524288,32, 16777216 , 911 , 2
writeLog,0,524288,32, 16777216 , 915 , 2
writeLog,0,524288,32, 16777216 , 557 , 2
writeLog,0,524288,32, 16777216 , 578 , 2
writeLog,0,524288,32, 16777216 , 683 , 2
writeLog,0,524288,64, 33554432 , 707 , 2
writeLog,0,524288,64, 33554432 , 668 , 2
writeLog,0,524288,64, 33554432 , 824 , 2
writeLog,0,524288,64, 33554432 , 806 , 2
writeLog,0,524288,64, 33554432 , 883 , 2
writeLog,0,524288,128, 67108864 , 939 , 2
writeLog,0,524288,128, 67108864 , 922 , 2
writeLog,0,524288,128, 67108864 , 662 , 2
writeLog,0,524288,128, 67108864 , 568 , 2
writeLog,0,524288,128, 67108864 , 601 , 2
writeLog,0,524288,256, 134217728 , 773 , 2
writeLog,0,524288,256, 134217728 , 587 , 2
writeLog,0,524288,256, 134217728 , 887 , 2
writeLog,0,524288,256, 134217728 , 763 , 2
writeLog,0,524288,256, 134217728 , 896 , 2
writeLog,0,524288,512, 268435456 , 904 , 2
writeLog,0,524288,512, 268435456 , 930 , 2
writeLog,0,524288,512, 268435456 , 780 , 2
writeLog,0,524288,512, 268435456 , 574 , 2
writeLog,0,524288,512, 268435456 , 583 , 2
