mmapLog,0,524288,1, 524288 , 687 , 2
mmapLog,0,524288,1, 524288 , 641 , 2
mmapLog,0,524288,1, 524288 , 654 , 2
mmapLog,0,524288,1, 524288 , 701 , 2
mmapLog,0,524288,1, 524288 , 694 , 2
mmapLog,0,524288,2, 1048576 , 660 , 2
mmapLog,0,524288,2, 1048576 , 608 , 2
mmapLog,0,524288,2, 1048576 , 606 , 2
mmapLog,0,524288,2, 1048576 , 599 , 2
mmapLog,0,524288,2, 1048576 , 653 , 2
mmapLog,0,524288,4, 2097152 , 620 , 2
mmapLog,0,524288,4, 2097152 , 624 , 2
mmapLog,0,524288,4, 2097152 , 631 , 2
mmapLog,0,524288,4, 2097152 , 605 , 2
mmapLog,0,524288,4, 2097152 , 556 , 2
mmapLog,0,524288,8, 4194304 , 583 , 2
mmapLog,0,524288,8, 4194304 , 634 , 2
mmapLog,0,524288,8, 4194304 , 595 , 2
mmapLog,0,524288,8, 4194304 , 634 , 2
mmapLog,0,524288,8, 4194304 , 631 , 2
mmapLog,0,524288,16, 8388608 , 622 , 2
mmapLog,0,524288,16, 8388608 , 578 , 2
mmapLog,0,524288,16, 8388608 , 569 , 2
mmapLog,0,524288,16, 8388608 , 572 , 2
mmapLog,0,524288,16, 8388608 , 590 , 2
mmapLog,0,524288,32, 16777216 , 520 , 2
mmapLog,0,524288,32, 16777216 , 550 , 2
mmapLog,0,524288,32, 16777216 , 511 , 2
mmapLog,0,524288,32, 16777216 , 545 , 2
mmapLog,0,524288,32, 16777216 , 520 , 2
mmapLog,0,524288,64, 33554432 , 381 , 2
mmapLog,0,524288,64, 33554432 , 391 , 2
mmapLog,0,524288,64, 33554432 , 400 , 2
mmapLog,0,524288,64, 33554432 , 390 , 2
mmapLog,0,524288,64, 33554432 , 396 , 2
mmapLog,0,524288,128, 67108864 , 363 , 2
mmapLog,0,524288,128, 67108864 , 363 , 2
mmapLog,0,524288,128, 67108864 , 349 , 2
mmapLog,0,524288,128, 67108864 , 353 , 2
mmapLog,0,524288,128, 67108864 , 377 , 2
mmapLog,0,524288,256, 134217728 , 347 , 2
mmapLog,0,524288,256, 134217728 , 335 , 2
mmapLog,0,524288,256, 134217728 , 353 , 2
mmapLog,0,524288,256, 134217728 , 343 , 2
mmapLog,0,524288,256, 134217728 , 344 , 2
mmapLog,0,524288,512, 268435456 , 325 , 2
mmapLog,0,524288,512, 268435456 , 328 , 2
mmapLog,0,524288,512, 268435456 , 315 , 2
mmapLog,0,524288,512, 268435456 , 323 , 2
mmapLog,0,524288,512, 268435456 , 339 , 2
