mmapLog,2,524288,1, 524288 , 336 , 4
mmapLog,2,524288,1, 524288 , 340 , 4
mmapLog,2,524288,1, 524288 , 348 , 4
mmapLog,2,524288,1, 524288 , 336 , 4
mmapLog,2,524288,1, 524288 , 338 , 4
mmapLog,2,524288,2, 1048576 , 273 , 4
mmapLog,2,524288,2, 1048576 , 285 , 4
mmapLog,2,524288,2, 1048576 , 279 , 4
mmapLog,2,524288,2, 1048576 , 279 , 4
mmapLog,2,524288,2, 1048576 , 275 , 4
mmapLog,2,524288,4, 2097152 , 239 , 4
mmapLog,2,524288,4, 2097152 , 240 , 4
mmapLog,2,524288,4, 2097152 , 236 , 4
mmapLog,2,524288,4, 2097152 , 247 , 4
mmapLog,2,524288,4, 2097152 , 246 , 4
mmapLog,2,524288,8, 4194304 , 248 , 4
mmapLog,2,524288,8, 4194304 , 241 , 4
mmapLog,2,524288,8, 4194304 , 258 , 4
mmapLog,2,524288,8, 4194304 , 252 , 4
mmapLog,2,524288,8, 4194304 , 214 , 4
mmapLog,2,524288,16, 8388608 , 203 , 4
mmapLog,2,524288,16, 8388608 , 194 , 4
mmapLog,2,524288,16, 8388608 , 182 , 4
mmapLog,2,524288,16, 8388608 , 199 , 4
mmapLog,2,524288,16, 8388608 , 197 , 4
mmapLog,2,524288,32, 16777216 , 158 , 4
mmapLog,2,524288,32, 16777216 , 159 , 4
mmapLog,2,524288,32, 16777216 , 157 , 4
mmapLog,2,524288,32, 16777216 , 159 , 4
mmapLog,2,524288,32, 16777216 , 162 , 4
mmapLog,2,524288,64, 33554432 , 143 , 4
mmapLog,2,524288,64, 33554432 , 143 , 4
mmapLog,2,524288,64, 33554432 , 138 , 4
mmapLog,2,524288,64, 33554432 , 139 , 4
mmapLog,2,524288,64, 33554432 , 139 , 4
mmapLog,2,524288,128, 67108864 , 134 , 4
mmapLog,2,524288,128, 67108864 , 134 , 4
mmapLog,2,524288,128, 67108864 , 134 , 4
mmapLog,2,524288,128, 67108864 , 133 , 4
mmapLog,2,524288,128, 67108864 , 134 , 4
mmapLog,2,524288,256, 134217728 , 132 , 4
mmapLog,2,524288,256, 134217728 , 131 , 4
mmapLog,2,524288,256, 134217728 , 132 , 4
mmapLog,2,524288,256, 134217728 , 133 , 4
mmapLog,2,524288,256, 134217728 , 132 , 4
mmapLog,2,524288,512, 268435456 , 131 , 4
mmapLog,2,524288,512, 268435456 , 133 , 4
mmapLog,2,524288,512, 268435456 , 133 , 4
mmapLog,2,524288,512, 268435456 , 132 , 4
mmapLog,2,524288,512, 268435456 , 131 , 4
