writeLog,0,524288,1, 524288 , 781 , 3
writeLog,0,524288,1, 524288 , 650 , 3
writeLog,0,524288,1, 524288 , 805 , 3
writeLog,0,524288,1, 524288 , 763 , 3
writeLog,0,524288,1, 524288 , 819 , 3
writeLog,0,524288,2, 1048576 , 850 , 3
writeLog,0,524288,2, 1048576 , 875 , 3
writeLog,0,524288,2, 1048576 , 894 , 3
writeLog,0,524288,2, 1048576 , 627 , 3
writeLog,0,524288,2, 1048576 , 604 , 3
writeLog,0,524288,4, 2097152 , 645 , 3
writeLog,0,524288,4, 2097152 , 693 , 3
writeLog,0,524288,4, 2097152 , 646 , 3
writeLog,0,524288,4, 2097152 , 838 , 3
writeLog,0,524288,4, 2097152 , 774 , 3
writeLog,0,524288,8, 4194304 , 810 , 3
writeLog,0,524288,8, 4194304 , 874 , 3
writeLog,0,524288,8, 4194304 , 885 , 3
writeLog,0,524288,8, 4194304 , 821 , 3
writeLog,0,524288,8, 4194304 , 616 , 3
writeLog,0,524288,16, 8388608 , 604 , 3
writeLog,0,524288,16, 8388608 , 780 , 3
writeLog,0,524288,16, 8388608 , 609 , 3
writeLog,0,524288,16, 8388608 , 808 , 3
writeLog,0,524288,16, 8388608 , 769 , 3
writeLog,0,524288,32, 16777216 , 827 , 3
writeLog,0,524288,32, 16777216 , 827 , 3
writeLog,0,524288,32, 16777216 , 879 , 3
writeLog,0,524288,32, 16777216 , 906 , 3
writeLog,0,524288,32, 16777216 , 638 , 3
writeLog,0,524288,64, 33554432 , 624 , 3
writeLog,0,524288,64, 33554432 , 689 , 3
writeLog,0,524288,64, 33554432 , 660 , 3
writeLog,0,524288,64, 33554432 , 696 , 3
writeLog,0,524288,64, 33554432 , 791 , 3
writeLog,0,524288,128, 67108864 , 782 , 3
writeLog,0,524288,128, 67108864 , 860 , 3
writeLog,0,524288,128, 67108864 , 885 , 3
writeLog,0,524288,128, 67108864 , 887 , 3
writeLog,0,524288,128, 67108864 , 725 , 3
writeLog,0,524288,256, 134217728 , 617 , 3
writeLog,0,524288,256, 134217728 , 594 , 3
writeLog,0,524288,256, 134217728 , 752 , 3
writeLog,0,524288,256, 134217728 , 630 , 3
writeLog,0,524288,256, 134217728 , 852 , 3
writeLog,0,524288,512, 268435456 , 765 , 3
writeLog,0,524288,512, 268435456 , 810 , 3
writeLog,0,524288,512, 268435456 , 878 , 3
writeLog,0,524288,512, 268435456 , 879 , 3
writeLog,0,524288,512, 268435456 , 810 , 3
