writeLog,2,524288,1, 524288 , 359 , 1
writeLog,2,524288,1, 524288 , 359 , 1
writeLog,2,524288,1, 524288 , 355 , 1
writeLog,2,524288,1, 524288 , 362 , 1
writeLog,2,524288,1, 524288 , 359 , 1
writeLog,2,524288,2, 1048576 , 379 , 1
writeLog,2,524288,2, 1048576 , 380 , 1
writeLog,2,524288,2, 1048576 , 378 , 1
writeLog,2,524288,2, 1048576 , 376 , 1
writeLog,2,524288,2, 1048576 , 380 , 1
writeLog,2,524288,4, 2097152 , 387 , 1
writeLog,2,524288,4, 2097152 , 392 , 1
writeLog,2,524288,4, 2097152 , 391 , 1
writeLog,2,524288,4, 2097152 , 384 , 1
writeLog,2,524288,4, 2097152 , 388 , 1
writeLog,2,524288,8, 4194304 , 388 , 1
writeLog,2,524288,8, 4194304 , 390 , 1
writeLog,2,524288,8, 4194304 , 390 , 1
writeLog,2,524288,8, 4194304 , 390 , 1
writeLog,2,524288,8, 4194304 , 391 , 1
writeLog,2,524288,16, 8388608 , 397 , 1
writeLog,2,524288,16, 8388608 , 392 , 1
writeLog,2,524288,16, 8388608 , 393 , 1
writeLog,2,524288,16, 8388608 , 391 , 1
writeLog,2,524288,16, 8388608 , 397 , 1
writeLog,2,524288,32, 16777216 , 398 , 1
writeLog,2,524288,32, 16777216 , 397 , 1
writeLog,2,524288,32, 16777216 , 396 , 1
writeLog,2,524288,32, 16777216 , 391 , 1
writeLog,2,524288,32, 16777216 , 397 , 1
writeLog,2,524288,64, 33554432 , 396 , 1
writeLog,2,524288,64, 33554432 , 401 , 1
writeLog,2,524288,64, 33554432 , 402 , 1
writeLog,2,524288,64, 33554432 , 394 , 1
writeLog,2,524288,64, 33554432 , 397 , 1
writeLog,2,524288,128, 67108864 , 392 , 1
writeLog,2,524288,128, 67108864 , 395 , 1
writeLog,2,524288,128, 67108864 , 395 , 1
writeLog,2,524288,128, 67108864 , 396 , 1
writeLog,2,524288,128, 67108864 , 396 , 1
writeLog,2,524288,256, 134217728 , 399 , 1
writeLog,2,524288,256, 134217728 , 394 , 1
writeLog,2,524288,256, 134217728 , 391 , 1
writeLog,2,524288,256, 134217728 , 398 , 1
writeLog,2,524288,256, 134217728 , 396 , 1
writeLog,2,524288,512, 268435456 , 397 , 1
writeLog,2,524288,512, 268435456 , 399 , 1
writeLog,2,524288,512, 268435456 , 397 , 1
writeLog,2,524288,512, 268435456 , 394 , 1
writeLog,2,524288,512, 268435456 , 401 , 1
