mmapLog,2,524288,1, 524288 , 348 , 1
mmapLog,2,524288,1, 524288 , 348 , 1
mmapLog,2,524288,1, 524288 , 353 , 1
mmapLog,2,524288,1, 524288 , 345 , 1
mmapLog,2,524288,1, 524288 , 351 , 1
mmapLog,2,524288,2, 1048576 , 344 , 1
mmapLog,2,524288,2, 1048576 , 360 , 1
mmapLog,2,524288,2, 1048576 , 350 , 1
mmapLog,2,524288,2, 1048576 , 357 , 1
mmapLog,2,524288,2, 1048576 , 341 , 1
mmapLog,2,524288,4, 2097152 , 349 , 1
mmapLog,2,524288,4, 2097152 , 335 , 1
mmapLog,2,524288,4, 2097152 , 343 , 1
mmapLog,2,524288,4, 2097152 , 348 , 1
mmapLog,2,524288,4, 2097152 , 333 , 1
mmapLog,2,524288,8, 4194304 , 339 , 1
mmapLog,2,524288,8, 4194304 , 331 , 1
mmapLog,2,524288,8, 4194304 , 339 , 1
mmapLog,2,524288,8, 4194304 , 328 , 1
mmapLog,2,524288,8, 4194304 , 335 , 1
mmapLog,2,524288,16, 8388608 , 343 , 1
mmapLog,2,524288,16, 8388608 , 352 , 1
mmapLog,2,524288,16, 8388608 , 344 , 1
mmapLog,2,524288,16, 8388608 , 338 , 1
mmapLog,2,524288,16, 8388608 , 336 , 1
mmapLog,2,524288,32, 16777216 , 343 , 1
mmapLog,2,524288,32, 16777216 , 327 , 1
mmapLog,2,524288,32, 16777216 , 332 , 1
mmapLog,2,524288,32, 16777216 , 336 , 1
mmapLog,2,524288,32, 16777216 , 324 , 1
mmapLog,2,524288,64, 33554432 , 311 , 1
mmapLog,2,524288,64, 33554432 , 318 , 1
mmapLog,2,524288,64, 33554432 , 301 , 1
mmapLog,2,524288,64, 33554432 , 306 , 1
mmapLog,2,524288,64, 33554432 , 308 , 1
mmapLog,2,524288,128, 67108864 , 290 , 1
mmapLog,2,524288,128, 67108864 , 286 , 1
mmapLog,2,524288,128, 67108864 , 288 , 1
mmapLog,2,524288,128, 67108864 , 268 , 1
mmapLog,2,524288,128, 67108864 , 270 , 1
mmapLog,2,524288,256, 134217728 , 268 , 1
mmapLog,2,524288,256, 134217728 , 260 , 1
mmapLog,2,524288,256, 134217728 , 248 , 1
mmapLog,2,524288,256, 134217728 , 253 , 1
mmapLog,2,524288,256, 134217728 , 254 , 1
mmapLog,2,524288,512, 268435456 , 254 , 1
mmapLog,2,524288,512, 268435456 , 262 , 1
mmapLog,2,524288,512, 268435456 , 241 , 1
mmapLog,2,524288,512, 268435456 , 240 , 1
mmapLog,2,524288,512, 268435456 , 238 , 1
