mmapLog,0,524288,1, 524288 , 667 , 4
mmapLog,0,524288,1, 524288 , 651 , 4
mmapLog,0,524288,1, 524288 , 655 , 4
mmapLog,0,524288,1, 524288 , 671 , 4
mmapLog,0,524288,1, 524288 , 638 , 4
mmapLog,0,524288,2, 1048576 , 617 , 4
mmapLog,0,524288,2, 1048576 , 615 , 4
mmapLog,0,524288,2, 1048576 , 598 , 4
mmapLog,0,524288,2, 1048576 , 621 , 4
mmapLog,0,524288,2, 1048576 , 605 , 4
mmapLog,0,524288,4, 2097152 , 633 , 4
mmapLog,0,524288,4, 2097152 , 597 , 4
mmapLog,0,524288,4, 2097152 , 589 , 4
mmapLog,0,524288,4, 2097152 , 589 , 4
mmapLog,0,524288,4, 2097152 , 595 , 4
mmapLog,0,524288,8, 4194304 , 562 , 4
mmapLog,0,524288,8, 4194304 , 549 , 4
mmapLog,0,524288,8, 4194304 , 587 , 4
mmapLog,0,524288,8, 4194304 , 573 , 4
mmapLog,0,524288,8, 4194304 , 554 , 4
mmapLog,0,524288,16, 8388608 , 482 , 4
mmapLog,0,524288,16, 8388608 , 494 , 4
mmapLog,0,524288,16, 8388608 , 503 , 4
mmapLog,0,524288,16, 8388608 , 504 , 4
mmapLog,0,524288,16, 8388608 , 505 , 4
mmapLog,0,524288,32, 16777216 , 425 , 4
mmapLog,0,524288,32, 16777216 , 386 , 4
mmapLog,0,524288,32, 16777216 , 409 , 4
mmapLog,0,524288,32, 16777216 , 402 , 4
mmapLog,0,524288,32, 16777216 , 385 , 4
mmapLog,0,524288,64, 33554432 , 362 , 4
mmapLog,0,524288,64, 33554432 , 343 , 4
mmapLog,0,524288,64, 33554432 , 368 , 4
mmapLog,0,524288,64, 33554432 , 368 , 4
mmapLog,0,524288,64, 33554432 , 349 , 4
mmapLog,0,524288,128, 67108864 , 335 , 4
mmapLog,0,524288,128, 67108864 , 322 , 4
mmapLog,0,524288,128, 67108864 , 337 , 4
mmapLog,0,524288,128, 67108864 , 327 , 4
mmapLog,0,524288,128, 67108864 , 347 , 4
mmapLog,0,524288,256, 134217728 , 327 , 4
mmapLog,0,524288,256, 134217728 , 327 , 4
mmapLog,0,524288,256, 134217728 , 316 , 4
mmapLog,0,524288,256, 134217728 , 335 , 4
mmapLog,0,524288,256, 134217728 , 334 , 4
mmapLog,0,524288,512, 268435456 , 327 , 4
mmapLog,0,524288,512, 268435456 , 329 , 4
mmapLog,0,524288,512, 268435456 , 358 , 4
mmapLog,0,524288,512, 268435456 , 322 , 4
mmapLog,0,524288,512, 268435456 , 335 , 4
